  0.000000e+00  15.102713  15.102713  15.102713 1.000000
  2.500000e-03  14.047484  13.763704  13.763704 0.753607
  5.000000e-03  12.946641  12.532431  13.090524  0.582795 
  7.500000e-03  12.004353  11.573813  12.613096  0.565466 
  1.000000e-02  11.289762  10.853429  12.057075  0.555605 
  1.250000e-02  10.678107  10.245189  11.493004  0.550188 
  1.500000e-02  10.156638  9.734765  10.980768  0.547647 
  1.750000e-02  9.744201  9.334241  10.529801  0.546412 
  2.000000e-02  9.426343  9.023795  10.129501  0.545825 
  2.250000e-02  9.172217  8.773729  9.776079  0.545553 
  2.500000e-02  8.957853  8.562217  9.464552  0.545419 
  2.750000e-02  8.769236  8.376272  9.188836  0.545349 
  3.000000e-02  8.598974  8.209139  8.943182  0.545316 
  3.250000e-02  8.442758  8.056909  8.722123  0.545313 
  3.500000e-02  8.297366  7.916343  8.521156  0.545336 
  3.750000e-02  8.160526  7.784790  8.337194  0.545382 
  4.000000e-02  8.031219  7.660749  8.168100  0.545445 
  4.250000e-02  7.909356  7.543767  8.012098  0.545517 
  4.500000e-02  7.795203  7.433924  7.867689  0.545595 
  4.750000e-02  7.689069  7.331483  7.733753  0.545673 
  5.000000e-02  7.591159  7.236681  7.609437  0.545751 
  5.250000e-02  7.501335  7.149443  7.493930  0.545829 
  5.500000e-02  7.418895  7.069136  7.386394  0.545905 
  5.750000e-02  7.342655  6.994626  7.286049  0.545979 
  6.000000e-02  7.271318  6.924652  7.192264  0.546049 
  6.250000e-02  7.203890  6.858242  7.104555  0.546116 
  6.500000e-02  7.139859  6.794914  7.022507  0.546178 
  6.750000e-02  7.079108  6.734601  6.945701  0.546236 
  7.000000e-02  7.021659  6.677398  6.873683  0.546292 
  7.250000e-02  6.967432  6.623311  6.805971  0.546346 
  7.500000e-02  6.916128  6.572123  6.742086  0.546397 
  7.750000e-02  6.867261  6.523406  6.681590  0.546445 
  8.000000e-02  6.820288  6.476642  6.624104  0.546491 
  8.250000e-02  6.774754  6.431376  6.569326  0.546532 
  8.500000e-02  6.730405  6.387332  6.517028  0.546569 
  8.750000e-02  6.687218  6.344460  6.467051  0.546602 
  9.000000e-02  6.645373  6.302914  6.419294  0.546633 
  9.250000e-02  6.605171  6.262981  6.373705  0.546661 
  9.500000e-02  6.566948  6.224989  6.330262  0.546687 
  9.750000e-02  6.530992  6.189226  6.288961  0.546713 
  1.000000e-01  6.497490  6.155883  6.249798  0.546738 
  1.025000e-01  6.466498  6.125019  6.212757  0.546764 
  1.050000e-01  6.437938  6.096561  6.177794  0.546788 
  1.075000e-01  6.411611  6.070314  6.144836  0.546813 
  1.100000e-01  6.387227  6.045994  6.113773  0.546836 
  1.125000e-01  6.364439  6.023256  6.084468  0.546859 
  1.150000e-01  6.342884  6.001743  6.056765  0.546880 
  1.175000e-01  6.322223  5.981119  6.030495  0.546900 
  1.200000e-01  6.302171  5.961103  6.005492  0.546918 
  1.225000e-01  6.282515  5.941483  5.981592  0.546934 
  1.250000e-01  6.263119  5.922124  5.958645  0.546949 
  1.275000e-01  6.243914  5.902956  5.936516  0.546962 
  1.300000e-01  6.224879  5.883959  5.915085  0.546974 
  1.325000e-01  6.206021  5.865137  5.894248  0.546984 
  1.350000e-01  6.187354  5.846506  5.873917  0.546994 
  1.375000e-01  6.168889  5.828075  5.854018  0.547002 
  1.400000e-01  6.150625  5.809842  5.834490  0.547010 
  1.425000e-01  6.132548  5.791795  5.815283  0.547017 
  1.450000e-01  6.114638  5.773910  5.796354  0.547023 
  1.475000e-01  6.096868  5.756164  5.777668  0.547029 
  1.500000e-01  6.079215  5.738530  5.759197  0.547034 
  1.525000e-01  6.061660  5.720990  5.740914  0.547039 
  1.550000e-01  6.044186  5.703529  5.722797  0.547043 
  1.575000e-01  6.026785  5.686135  5.704825  0.547047 
  1.600000e-01  6.009449  5.668804  5.686982  0.547051 
  1.625000e-01  5.992174  5.651531  5.669251  0.547055 
  1.650000e-01  5.974955  5.634313  5.651620  0.547058 
  1.675000e-01  5.957790  5.617149  5.634078  0.547061 
  1.700000e-01  5.940678  5.600037  5.616616  0.547064 
  1.725000e-01  5.923616  5.582975  5.599228  0.547067 
  1.750000e-01  5.906604  5.565964  5.581906  0.547070 
  1.775000e-01  5.889642  5.549004  5.564648  0.547073 
  1.800000e-01  5.872731  5.532096  5.547450  0.547075 
  1.825000e-01  5.855873  5.515242  5.530311  0.547077 
  1.850000e-01  5.839072  5.498444  5.513230  0.547080 
  1.875000e-01  5.822331  5.481707  5.496207  0.547082 
  1.900000e-01  5.805654  5.465033  5.479245  0.547084 
  1.925000e-01  5.789045  5.448428  5.462344  0.547086 
  1.950000e-01  5.772511  5.431896  5.445508  0.547087 
  1.975000e-01  5.756054  5.415441  5.428739  0.547089 
  2.000000e-01  5.739681  5.399069  5.412042  0.547091 
  2.025000e-01  5.723397  5.382785  5.395419  0.547092 
  2.050000e-01  5.707206  5.366594  5.378876  0.547093 
  2.075000e-01  5.691111  5.350499  5.362415  0.547095 
  2.100000e-01  5.675117  5.334503  5.346040  0.547096 
  2.125000e-01  5.659225  5.318611  5.329755  0.547098 
  2.150000e-01  5.643438  5.302822  5.313561  0.547099 
  2.175000e-01  5.627755  5.287138  5.297462  0.547100 
  2.200000e-01  5.612177  5.271558  5.281458  0.547101 
  2.225000e-01  5.596702  5.256083  5.265552  0.547103 
  2.250000e-01  5.581330  5.240710  5.249743  0.547104 
  2.275000e-01  5.566058  5.225438  5.234033  0.547105 
  2.300000e-01  5.550885  5.210266  5.218420  0.547106 
  2.325000e-01  5.535809  5.195190  5.202906  0.547107 
  2.350000e-01  5.520828  5.180209  5.187488  0.547109 
  2.375000e-01  5.505940  5.165320  5.172166  0.547110 
  2.400000e-01  5.491143  5.150523  5.156939  0.547111 
  2.425000e-01  5.476434  5.135814  5.141805  0.547112 
  2.450000e-01  5.461812  5.121191  5.126764  0.547113 
  2.475000e-01  5.447275  5.106654  5.111812  0.547114 
  2.500000e-01  5.432820  5.092199  5.096949  0.547115 
  2.525000e-01  5.418447  5.077825  5.082174  0.547116 
  2.550000e-01  5.404153  5.063530  5.067484  0.547117 
  2.575000e-01  5.389937  5.049312  5.052878  0.547118 
  2.600000e-01  5.375797  5.035171  5.038355  0.547119 
  2.625000e-01  5.361732  5.021106  5.023913  0.547120 
  2.650000e-01  5.347742  5.007114  5.009552  0.547121 
  2.675000e-01  5.333825  4.993197  4.995270  0.547122 
  2.700000e-01  5.319982  4.979353  4.981067  0.547123 
  2.725000e-01  5.306213  4.965582  4.966942  0.547124 
  2.750000e-01  5.292517  4.951885  4.952895  0.547124 
  2.775000e-01  5.278895  4.938263  4.938926  0.547125 
  2.800000e-01  5.265349  4.924715  4.925035  0.547126 
  2.825000e-01  5.251879  4.911245  4.911223  0.547126 
  2.850000e-01  5.238487  4.897852  4.897490  0.547127 
  2.875000e-01  5.225174  4.884538  4.883839  0.547127 
  2.900000e-01  5.211944  4.871307  4.870269  0.547128 
  2.925000e-01  5.198797  4.858159  4.856782  0.547128 
  2.950000e-01  5.185736  4.845097  4.843381  0.547129 
  2.975000e-01  5.172764  4.832124  4.830068  0.547129 
  3.000000e-01  5.159883  4.819242  4.816844  0.547130 
  3.025000e-01  5.147097  4.806455  4.803713  0.547130 
  3.050000e-01  5.134408  4.793765  4.790677  0.547130 
  3.075000e-01  5.121820  4.781176  4.777738  0.547131 
  3.100000e-01  5.109335  4.768691  4.764900  0.547131 
  3.125000e-01  5.096957  4.756312  4.752165  0.547131 
  3.150000e-01  5.084689  4.744044  4.739537  0.547132 
  3.175000e-01  5.072534  4.731888  4.727019  0.547132 
  3.200000e-01  5.060495  4.719849  4.714614  0.547132 
  3.225000e-01  5.048576  4.707928  4.702324  0.547133 
  3.250000e-01  5.036777  4.696130  4.690153  0.547133 
  3.275000e-01  5.025104  4.684456  4.678104  0.547133 
  3.300000e-01  5.013557  4.672908  4.666179  0.547134 
  3.325000e-01  5.002139  4.661490  4.654382  0.547134 
  3.350000e-01  4.990852  4.650203  4.642714  0.547135 
  3.375000e-01  4.979698  4.639049  4.631178  0.547135 
  3.400000e-01  4.968678  4.628029  4.619776  0.547136 
  3.425000e-01  4.957793  4.617145  4.608510  0.547136 
  3.450000e-01  4.947046  4.606397  4.597381  0.547137 
  3.475000e-01  4.936435  4.595787  4.586392  0.547138 
  3.500000e-01  4.925963  4.585315  4.575542  0.547138 
  3.525000e-01  4.915628  4.574980  4.564833  0.547139 
  3.550000e-01  4.905431  4.564783  4.554266  0.547140 
  3.575000e-01  4.895371  4.554724  4.543841  0.547141 
  3.600000e-01  4.885449  4.544802  4.533557  0.547141 
  3.625000e-01  4.875662  4.535016  4.523416  0.547142 
  3.650000e-01  4.866011  4.525365  4.513416  0.547143 
  3.675000e-01  4.856493  4.515848  4.503556  0.547144 
  3.700000e-01  4.847109  4.506464  4.493837  0.547145 
  3.725000e-01  4.837855  4.497211  4.484257  0.547146 
  3.750000e-01  4.828731  4.488087  4.474815  0.547147 
  3.775000e-01  4.819734  4.479091  4.465509  0.547148 
  3.800000e-01  4.810862  4.470220  4.456338  0.547149 
  3.825000e-01  4.802114  4.461473  4.447300  0.547150 
  3.850000e-01  4.793488  4.452847  4.438393  0.547151 
  3.875000e-01  4.784980  4.444340  4.429616  0.547152 
  3.900000e-01  4.776590  4.435950  4.420966  0.547153 
  3.925000e-01  4.768314  4.427675  4.412441  0.547154 
  3.950000e-01  4.760150  4.419511  4.404038  0.547155 
  3.975000e-01  4.752096  4.411458  4.395756  0.547156 
  4.000000e-01  4.744149  4.403512  4.387592  0.547157 
  4.025000e-01  4.736307  4.395671  4.379544  0.547158 
  4.050000e-01  4.728568  4.387932  4.371610  0.547159 
  4.075000e-01  4.720929  4.380294  4.363786  0.547161 
  4.100000e-01  4.713389  4.372754  4.356070  0.547162 
  4.125000e-01  4.705944  4.365309  4.348461  0.547162 
  4.150000e-01  4.698592  4.357958  4.340955  0.547163 
  4.175000e-01  4.691332  4.350699  4.333551  0.547164 
  4.200000e-01  4.684161  4.343528  4.326246  0.547165 
  4.225000e-01  4.677077  4.336445  4.319037  0.547166 
  4.250000e-01  4.670079  4.329447  4.311923  0.547167 
  4.275000e-01  4.663164  4.322532  4.304901  0.547168 
  4.300000e-01  4.656330  4.315698  4.297969  0.547169 
  4.325000e-01  4.649576  4.308945  4.291126  0.547170 
  4.350000e-01  4.642900  4.302269  4.284368  0.547170 
  4.375000e-01  4.636300  4.295669  4.277695  0.547171 
  4.400000e-01  4.629775  4.289144  4.271104  0.547172 
  4.425000e-01  4.623323  4.282693  4.264593  0.547173 
  4.450000e-01  4.616944  4.276313  4.258161  0.547173 
  4.475000e-01  4.610635  4.270004  4.251807  0.547174 
  4.500000e-01  4.604395  4.263765  4.245528  0.547174 
  4.525000e-01  4.598224  4.257594  4.239324  0.547175 
  4.550000e-01  4.592120  4.251490  4.233192  0.547176 
  4.575000e-01  4.586083  4.245453  4.227132  0.547176 
  4.600000e-01  4.580111  4.239480  4.221142  0.547177 
  4.625000e-01  4.574203  4.233573  4.215222  0.547177 
  4.650000e-01  4.568360  4.227729  4.209370  0.547178 
  4.675000e-01  4.562579  4.221948  4.203585  0.547178 
  4.700000e-01  4.556861  4.216230  4.197867  0.547179 
  4.725000e-01  4.551205  4.210574  4.192213  0.547179 
  4.750000e-01  4.545611  4.204979  4.186625  0.547180 
  4.775000e-01  4.540077  4.199446  4.181101  0.547180 
  4.800000e-01  4.534604  4.193973  4.175640  0.547180 
  4.825000e-01  4.529192  4.188560  4.170243  0.547181 
  4.850000e-01  4.523840  4.183208  4.164907  0.547181 
  4.875000e-01  4.518548  4.177915  4.159634  0.547181 
  4.900000e-01  4.513315  4.172682  4.154423  0.547182 
  4.925000e-01  4.508142  4.167509  4.149272  0.547182 
  4.950000e-01  4.503029  4.162396  4.144183  0.547182 
  4.975000e-01  4.497975  4.157341  4.139155  0.547183 
  5.000000e-01  4.492980  4.152347  4.134188  0.547183 
  5.025000e-01  4.488046  4.147411  4.129281  0.547183 
  5.050000e-01  4.483170  4.142535  4.124434  0.547183 
  5.075000e-01  4.478354  4.137719  4.119648  0.547184 
  5.100000e-01  4.473598  4.132962  4.114922  0.547184 
  5.125000e-01  4.468901  4.128265  4.110256  0.547184 
  5.150000e-01  4.464264  4.123628  4.105651  0.547184 
  5.175000e-01  4.459687  4.119051  4.101107  0.547185 
  5.200000e-01  4.455170  4.114533  4.096622  0.547185 
  5.225000e-01  4.450713  4.110076  4.092198  0.547185 
  5.250000e-01  4.446316  4.105679  4.087835  0.547185 
  5.275000e-01  4.441980  4.101342  4.083532  0.547186 
  5.300000e-01  4.437703  4.097065  4.079290  0.547186 
  5.325000e-01  4.433488  4.092849  4.075108  0.547186 
  5.350000e-01  4.429332  4.088693  4.070988  0.547186 
  5.375000e-01  4.425238  4.084598  4.066928  0.547187 
  5.400000e-01  4.421204  4.080564  4.062929  0.547187 
  5.425000e-01  4.417230  4.076590  4.058991  0.547187 
  5.450000e-01  4.413318  4.072677  4.055114  0.547187 
  5.475000e-01  4.409465  4.068825  4.051298  0.547187 
  5.500000e-01  4.405674  4.065033  4.047542  0.547188 
  5.525000e-01  4.401943  4.061301  4.043848  0.547188 
  5.550000e-01  4.398272  4.057630  4.040215  0.547188 
  5.575000e-01  4.394661  4.054019  4.036642  0.547188 
  5.600000e-01  4.391111  4.050469  4.033130  0.547189 
  5.625000e-01  4.387621  4.046978  4.029679  0.547189 
  5.650000e-01  4.384190  4.043547  4.026288  0.547189 
  5.675000e-01  4.380819  4.040176  4.022957  0.547190 
  5.700000e-01  4.377508  4.036864  4.019687  0.547190 
  5.725000e-01  4.374255  4.033611  4.016476  0.547190 
  5.750000e-01  4.371061  4.030417  4.013325  0.547190 
  5.775000e-01  4.367925  4.027281  4.010233  0.547191 
  5.800000e-01  4.364848  4.024203  4.007200  0.547191 
  5.825000e-01  4.361827  4.021183  4.004225  0.547191 
  5.850000e-01  4.358864  4.018220  4.001309  0.547191 
  5.875000e-01  4.355958  4.015314  3.998451  0.547192 
  5.900000e-01  4.353108  4.012464  3.995650  0.547192 
  5.925000e-01  4.350314  4.009669  3.992906  0.547192 
  5.950000e-01  4.347575  4.006930  3.990219  0.547193 
  5.975000e-01  4.344891  4.004246  3.987588  0.547193 
  6.000000e-01  4.342261  4.001615  3.985012  0.547193 
  6.025000e-01  4.339684  3.999039  3.982491  0.547194 
  6.050000e-01  4.337160  3.996515  3.980024  0.547194 
  6.075000e-01  4.334689  3.994043  3.977611  0.547194 
  6.100000e-01  4.332269  3.991623  3.975252  0.547194 
  6.125000e-01  4.329900  3.989254  3.972945  0.547195 
  6.150000e-01  4.327581  3.986936  3.970689  0.547195 
  6.175000e-01  4.325313  3.984667  3.968485  0.547195 
  6.200000e-01  4.323093  3.982447  3.966331  0.547196 
  6.225000e-01  4.320921  3.980275  3.964228  0.547196 
  6.250000e-01  4.318797  3.978151  3.962173  0.547196 
  6.275000e-01  4.316719  3.976074  3.960166  0.547197 
  6.300000e-01  4.314688  3.974042  3.958207  0.547197 
  6.325000e-01  4.312702  3.972056  3.956295  0.547197 
  6.350000e-01  4.310760  3.970115  3.954430  0.547197 
  6.375000e-01  4.308862  3.968217  3.952609  0.547198 
  6.400000e-01  4.307008  3.966362  3.950833  0.547198 
  6.425000e-01  4.305195  3.964550  3.949101  0.547198 
  6.450000e-01  4.303424  3.962779  3.947411  0.547199 
  6.475000e-01  4.301694  3.961048  3.945764  0.547199 
  6.500000e-01  4.300004  3.959358  3.944159  0.547199 
  6.525000e-01  4.298352  3.957707  3.942594  0.547199 
  6.550000e-01  4.296740  3.956095  3.941069  0.547200 
  6.575000e-01  4.295165  3.954520  3.939583  0.547200 
  6.600000e-01  4.293627  3.952982  3.938135  0.547200 
  6.625000e-01  4.292125  3.951480  3.936724  0.547200 
  6.650000e-01  4.290659  3.950014  3.935351  0.547201 
  6.675000e-01  4.289227  3.948582  3.934013  0.547201 
  6.700000e-01  4.287829  3.947184  3.932710  0.547201 
  6.725000e-01  4.286465  3.945820  3.931442  0.547201 
  6.750000e-01  4.285133  3.944488  3.930208  0.547202 
  6.775000e-01  4.283833  3.943188  3.929006  0.547202 
  6.800000e-01  4.282564  3.941919  3.927836  0.547202 
  6.825000e-01  4.281326  3.940681  3.926698  0.547202 
  6.850000e-01  4.280117  3.939472  3.925590  0.547202 
  6.875000e-01  4.278937  3.938292  3.924512  0.547203 
  6.900000e-01  4.277786  3.937141  3.923464  0.547203 
  6.925000e-01  4.276662  3.936018  3.922444  0.547203 
  6.950000e-01  4.275565  3.934921  3.921452  0.547203 
  6.975000e-01  4.274495  3.933851  3.920486  0.547204 
  7.000000e-01  4.273451  3.932807  3.919548  0.547204 
  7.025000e-01  4.272432  3.931788  3.918635  0.547204 
  7.050000e-01  4.271438  3.930794  3.917747  0.547204 
  7.075000e-01  4.270467  3.929823  3.916884  0.547204 
  7.100000e-01  4.269520  3.928877  3.916044  0.547204 
  7.125000e-01  4.268596  3.927952  3.915228  0.547205 
  7.150000e-01  4.267695  3.927051  3.914435  0.547205 
  7.175000e-01  4.266814  3.926171  3.913663  0.547205 
  7.200000e-01  4.265956  3.925312  3.912913  0.547205 
  7.225000e-01  4.265117  3.924474  3.912184  0.547205 
  7.250000e-01  4.264299  3.923656  3.911475  0.547205 
  7.275000e-01  4.263501  3.922858  3.910786  0.547206 
  7.300000e-01  4.262722  3.922079  3.910116  0.547206 
  7.325000e-01  4.261961  3.921318  3.909465  0.547206 
  7.350000e-01  4.261219  3.920576  3.908832  0.547206 
  7.375000e-01  4.260495  3.919851  3.908217  0.547206 
  7.400000e-01  4.259787  3.919144  3.907619  0.547206 
  7.425000e-01  4.259097  3.918454  3.907037  0.547206 
  7.450000e-01  4.258423  3.917780  3.906472  0.547206 
  7.475000e-01  4.257765  3.917122  3.905923  0.547207 
  7.500000e-01  4.257122  3.916479  3.905389  0.547207 
  7.525000e-01  4.256495  3.915852  3.904870  0.547207 
  7.550000e-01  4.255883  3.915240  3.904366  0.547207 
  7.575000e-01  4.255285  3.914642  3.903875  0.547207 
  7.600000e-01  4.254701  3.914058  3.903399  0.547207 
  7.625000e-01  4.254130  3.913487  3.902935  0.547207 
  7.650000e-01  4.253573  3.912930  3.902485  0.547207 
  7.675000e-01  4.253029  3.912386  3.902047  0.547207 
  7.700000e-01  4.252498  3.911855  3.901621  0.547207 
  7.725000e-01  4.251978  3.911336  3.901207  0.547208 
  7.750000e-01  4.251471  3.910829  3.900805  0.547208 
  7.775000e-01  4.250976  3.910333  3.900414  0.547208 
  7.800000e-01  4.250491  3.909849  3.900033  0.547208 
  7.825000e-01  4.250018  3.909376  3.899663  0.547208 
  7.850000e-01  4.249556  3.908913  3.899303  0.547208 
  7.875000e-01  4.249104  3.908461  3.898954  0.547208 
  7.900000e-01  4.248662  3.908020  3.898613  0.547208 
  7.925000e-01  4.248230  3.907588  3.898282  0.547208 
  7.950000e-01  4.247808  3.907166  3.897960  0.547208 
  7.975000e-01  4.247396  3.906753  3.897647  0.547208 
  8.000000e-01  4.246992  3.906350  3.897343  0.547208 
  8.025000e-01  4.246598  3.905955  3.897046  0.547208 
  8.050000e-01  4.246212  3.905570  3.896758  0.547209 
  8.075000e-01  4.245835  3.905192  3.896477  0.547209 
  8.100000e-01  4.245465  3.904823  3.896204  0.547209 
  8.125000e-01  4.245104  3.904462  3.895939  0.547209 
  8.150000e-01  4.244751  3.904109  3.895680  0.547209 
  8.175000e-01  4.244406  3.903764  3.895429  0.547209 
  8.200000e-01  4.244068  3.903426  3.895184  0.547209 
  8.225000e-01  4.243737  3.903095  3.894945  0.547209 
  8.250000e-01  4.243413  3.902771  3.894713  0.547209 
  8.275000e-01  4.243096  3.902454  3.894487  0.547209 
  8.300000e-01  4.242786  3.902144  3.894267  0.547209 
  8.325000e-01  4.242482  3.901840  3.894052  0.547209 
  8.350000e-01  4.242185  3.901543  3.893843  0.547209 
  8.375000e-01  4.241894  3.901252  3.893640  0.547209 
  8.400000e-01  4.241609  3.900967  3.893442  0.547209 
  8.425000e-01  4.241330  3.900688  3.893249  0.547209 
  8.450000e-01  4.241056  3.900414  3.893061  0.547209 
  8.475000e-01  4.240788  3.900146  3.892877  0.547209 
  8.500000e-01  4.240526  3.899884  3.892699  0.547209 
  8.525000e-01  4.240269  3.899627  3.892525  0.547209 
  8.550000e-01  4.240017  3.899375  3.892355  0.547209 
  8.575000e-01  4.239770  3.899128  3.892189  0.547209 
  8.600000e-01  4.239528  3.898886  3.892028  0.547209 
  8.625000e-01  4.239291  3.898649  3.891871  0.547209 
  8.650000e-01  4.239059  3.898417  3.891717  0.547209 
  8.675000e-01  4.238831  3.898189  3.891567  0.547209 
  8.700000e-01  4.238607  3.897965  3.891421  0.547210 
  8.725000e-01  4.238388  3.897746  3.891279  0.547210 
  8.750000e-01  4.238173  3.897531  3.891140  0.547210 
  8.775000e-01  4.237963  3.897321  3.891004  0.547210 
  8.800000e-01  4.237756  3.897114  3.890871  0.547210 
  8.825000e-01  4.237553  3.896911  3.890742  0.547210 
  8.850000e-01  4.237354  3.896712  3.890616  0.547210 
  8.875000e-01  4.237159  3.896517  3.890492  0.547210 
  8.900000e-01  4.236968  3.896326  3.890372  0.547210 
  8.925000e-01  4.236780  3.896138  3.890254  0.547210 
  8.950000e-01  4.236595  3.895953  3.890139  0.547210 
  8.975000e-01  4.236414  3.895772  3.890027  0.547210 
  9.000000e-01  4.236236  3.895594  3.889918  0.547210 
  9.025000e-01  4.236062  3.895420  3.889810  0.547210 
  9.050000e-01  4.235890  3.895249  3.889706  0.547210 
  9.075000e-01  4.235722  3.895080  3.889603  0.547210 
  9.100000e-01  4.235557  3.894915  3.889503  0.547210 
  9.125000e-01  4.235395  3.894753  3.889405  0.547210 
  9.150000e-01  4.235235  3.894593  3.889309  0.547210 
  9.175000e-01  4.235079  3.894437  3.889216  0.547210 
  9.200000e-01  4.234925  3.894283  3.889124  0.547210 
  9.225000e-01  4.234774  3.894132  3.889034  0.547210 
  9.250000e-01  4.234625  3.893983  3.888946  0.547210 
  9.275000e-01  4.234479  3.893837  3.888861  0.547210 
  9.300000e-01  4.234336  3.893694  3.888776  0.547210 
  9.325000e-01  4.234195  3.893553  3.888694  0.547210 
  9.350000e-01  4.234056  3.893414  3.888614  0.547210 
  9.375000e-01  4.233920  3.893278  3.888535  0.547210 
  9.400000e-01  4.233786  3.893144  3.888457  0.547210 
  9.425000e-01  4.233654  3.893012  3.888382  0.547210 
  9.450000e-01  4.233524  3.892883  3.888307  0.547210 
  9.475000e-01  4.233397  3.892755  3.888235  0.547210 
  9.500000e-01  4.233272  3.892630  3.888164  0.547210 
  9.525000e-01  4.233148  3.892507  3.888094  0.547210 
  9.550000e-01  4.233027  3.892385  3.888025  0.547210 
  9.575000e-01  4.232908  3.892266  3.887958  0.547210 
  9.600000e-01  4.232790  3.892149  3.887892  0.547210 
  9.625000e-01  4.232675  3.892033  3.887828  0.547210 
  9.650000e-01  4.232561  3.891919  3.887765  0.547210 
  9.675000e-01  4.232449  3.891808  3.887703  0.547210 
  9.700000e-01  4.232339  3.891698  3.887642  0.547210 
  9.725000e-01  4.232231  3.891589  3.887582  0.547210 
  9.750000e-01  4.232124  3.891483  3.887523  0.547210 
  9.775000e-01  4.232019  3.891378  3.887466  0.547210 
  9.800000e-01  4.231916  3.891274  3.887409  0.547210 
  9.825000e-01  4.231814  3.891173  3.887354  0.547210 
  9.850000e-01  4.231714  3.891072  3.887299  0.547210 
  9.875000e-01  4.231616  3.890974  3.887246  0.547210 
  9.900000e-01  4.231518  3.890877  3.887193  0.547210 
  9.925000e-01  4.231423  3.890781  3.887142  0.547210 
  9.950000e-01  4.231328  3.890687  3.887091  0.547210 
  9.975000e-01  4.231236  3.890594  3.887041  0.547210 
  1.000000e+00  4.231144  3.890502  3.886992  0.547210 
  1.002500e+00  4.231054  3.890412  3.886944  0.547210 
  1.005000e+00  4.230965  3.890323  3.886897  0.547210 
  1.007500e+00  4.230878  3.890236  3.886850  0.547210 
  1.010000e+00  4.230792  3.890150  3.886805  0.547210 
  1.012500e+00  4.230707  3.890065  3.886760  0.547210 
  1.015000e+00  4.230623  3.889981  3.886715  0.547210 
  1.017500e+00  4.230541  3.889899  3.886672  0.547210 
  1.020000e+00  4.230459  3.889818  3.886629  0.547210 
  1.022500e+00  4.230379  3.889737  3.886587  0.547210 
  1.025000e+00  4.230300  3.889658  3.886546  0.547210 
  1.027500e+00  4.230223  3.889581  3.886505  0.547210 
  1.030000e+00  4.230146  3.889504  3.886465  0.547210 
  1.032500e+00  4.230070  3.889428  3.886426  0.547210 
  1.035000e+00  4.229996  3.889354  3.886387  0.547210 
  1.037500e+00  4.229922  3.889280  3.886349  0.547210 
  1.040000e+00  4.229850  3.889208  3.886311  0.547210 
  1.042500e+00  4.229778  3.889136  3.886274  0.547210 
  1.045000e+00  4.229708  3.889066  3.886238  0.547210 
  1.047500e+00  4.229638  3.888996  3.886202  0.547210 
  1.050000e+00  4.229569  3.888927  3.886166  0.547210 
  1.052500e+00  4.229502  3.888860  3.886132  0.547210 
  1.055000e+00  4.229435  3.888793  3.886097  0.547210 
  1.057500e+00  4.229369  3.888727  3.886064  0.547210 
  1.060000e+00  4.229304  3.888662  3.886030  0.547210 
  1.062500e+00  4.229240  3.888598  3.885998  0.547210 
  1.065000e+00  4.229177  3.888535  3.885965  0.547210 
  1.067500e+00  4.229115  3.888473  3.885933  0.547210 
  1.070000e+00  4.229053  3.888411  3.885902  0.547210 
  1.072500e+00  4.228993  3.888351  3.885871  0.547210 
  1.075000e+00  4.228933  3.888291  3.885841  0.547210 
  1.077500e+00  4.228874  3.888232  3.885811  0.547210 
  1.080000e+00  4.228815  3.888174  3.885781  0.547210 
  1.082500e+00  4.228758  3.888116  3.885752  0.547210 
  1.085000e+00  4.228701  3.888059  3.885723  0.547210 
  1.087500e+00  4.228645  3.888003  3.885695  0.547210 
  1.090000e+00  4.228590  3.887948  3.885667  0.547210 
  1.092500e+00  4.228535  3.887893  3.885639  0.547210 
  1.095000e+00  4.228482  3.887840  3.885612  0.547210 
  1.097500e+00  4.228428  3.887786  3.885585  0.547210 
  1.100000e+00  4.228376  3.887734  3.885559  0.547210 
  1.102500e+00  4.228324  3.887682  3.885532  0.547210 
  1.105000e+00  4.228273  3.887631  3.885507  0.547210 
  1.107500e+00  4.228223  3.887581  3.885481  0.547210 
  1.110000e+00  4.228173  3.887531  3.885456  0.547210 
  1.112500e+00  4.228124  3.887482  3.885431  0.547210 
  1.115000e+00  4.228075  3.887433  3.885407  0.547210 
  1.117500e+00  4.228027  3.887385  3.885383  0.547210 
  1.120000e+00  4.227980  3.887338  3.885359  0.547210 
  1.122500e+00  4.227933  3.887291  3.885336  0.547210 
  1.125000e+00  4.227887  3.887245  3.885313  0.547210 
  1.127500e+00  4.227841  3.887199  3.885290  0.547210 
  1.130000e+00  4.227796  3.887154  3.885267  0.547210 
  1.132500e+00  4.227752  3.887110  3.885245  0.547210 
  1.135000e+00  4.227708  3.887066  3.885223  0.547210 
  1.137500e+00  4.227665  3.887023  3.885201  0.547210 
  1.140000e+00  4.227622  3.886980  3.885180  0.547210 
  1.142500e+00  4.227580  3.886938  3.885159  0.547210 
  1.145000e+00  4.227538  3.886896  3.885138  0.547210 
  1.147500e+00  4.227497  3.886855  3.885117  0.547210 
  1.150000e+00  4.227456  3.886814  3.885097  0.547210 
  1.152500e+00  4.227416  3.886774  3.885077  0.547210 
  1.155000e+00  4.227376  3.886734  3.885057  0.547210 
  1.157500e+00  4.227337  3.886695  3.885037  0.547210 
  1.160000e+00  4.227298  3.886656  3.885018  0.547210 
  1.162500e+00  4.227260  3.886618  3.884999  0.547210 
  1.165000e+00  4.227222  3.886580  3.884980  0.547210 
  1.167500e+00  4.227185  3.886543  3.884961  0.547210 
  1.170000e+00  4.227148  3.886506  3.884943  0.547210 
  1.172500e+00  4.227112  3.886470  3.884925  0.547210 
  1.175000e+00  4.227076  3.886434  3.884907  0.547210 
  1.177500e+00  4.227040  3.886398  3.884889  0.547210 
  1.180000e+00  4.227005  3.886363  3.884871  0.547210 
  1.182500e+00  4.226970  3.886328  3.884854  0.547210 
  1.185000e+00  4.226936  3.886294  3.884837  0.547210 
  1.187500e+00  4.226902  3.886260  3.884820  0.547210 
  1.190000e+00  4.226869  3.886227  3.884803  0.547210 
  1.192500e+00  4.226836  3.886194  3.884787  0.547210 
  1.195000e+00  4.226803  3.886161  3.884770  0.547210 
  1.197500e+00  4.226771  3.886129  3.884754  0.547210 
  1.200000e+00  4.226739  3.886097  3.884738  0.547210 
  1.202500e+00  4.226707  3.886065  3.884723  0.547210 
  1.205000e+00  4.226676  3.886034  3.884707  0.547210 
  1.207500e+00  4.226646  3.886004  3.884692  0.547210 
  1.210000e+00  4.226615  3.885973  3.884677  0.547210 
  1.212500e+00  4.226585  3.885943  3.884662  0.547210 
  1.215000e+00  4.226556  3.885914  3.884647  0.547210 
  1.217500e+00  4.226526  3.885884  3.884632  0.547210 
  1.220000e+00  4.226497  3.885855  3.884618  0.547210 
  1.222500e+00  4.226469  3.885827  3.884604  0.547210 
  1.225000e+00  4.226441  3.885798  3.884589  0.547210 
  1.227500e+00  4.226413  3.885771  3.884576  0.547210 
  1.230000e+00  4.226385  3.885743  3.884562  0.547210 
  1.232500e+00  4.226358  3.885716  3.884548  0.547210 
  1.235000e+00  4.226331  3.885689  3.884535  0.547210 
  1.237500e+00  4.226304  3.885662  3.884521  0.547210 
  1.240000e+00  4.226278  3.885636  3.884508  0.547210 
  1.242500e+00  4.226252  3.885610  3.884495  0.547210 
  1.245000e+00  4.226226  3.885584  3.884482  0.547210 
  1.247500e+00  4.226201  3.885559  3.884470  0.547210 
  1.250000e+00  4.226176  3.885534  3.884457  0.547210 
  1.252500e+00  4.226151  3.885509  3.884445  0.547210 
  1.255000e+00  4.226126  3.885484  3.884432  0.547210 
  1.257500e+00  4.226102  3.885460  3.884420  0.547210 
  1.260000e+00  4.226078  3.885436  3.884408  0.547210 
  1.262500e+00  4.226055  3.885412  3.884397  0.547210 
  1.265000e+00  4.226031  3.885389  3.884385  0.547210 
  1.267500e+00  4.226008  3.885366  3.884373  0.547210 
  1.270000e+00  4.225985  3.885343  3.884362  0.547210 
  1.272500e+00  4.225963  3.885321  3.884351  0.547210 
  1.275000e+00  4.225940  3.885298  3.884339  0.547210 
  1.277500e+00  4.225918  3.885276  3.884328  0.547210 
  1.280000e+00  4.225896  3.885254  3.884318  0.547210 
  1.282500e+00  4.225875  3.885233  3.884307  0.547210 
  1.285000e+00  4.225854  3.885212  3.884296  0.547210 
  1.287500e+00  4.225833  3.885191  3.884286  0.547210 
  1.290000e+00  4.225812  3.885170  3.884275  0.547210 
  1.292500e+00  4.225791  3.885149  3.884265  0.547210 
  1.295000e+00  4.225771  3.885129  3.884255  0.547210 
  1.297500e+00  4.225751  3.885109  3.884245  0.547210 
  1.300000e+00  4.225731  3.885089  3.884235  0.547210 
  1.302500e+00  4.225711  3.885069  3.884225  0.547210 
  1.305000e+00  4.225692  3.885050  3.884215  0.547210 
  1.307500e+00  4.225673  3.885031  3.884206  0.547210 
  1.310000e+00  4.225654  3.885012  3.884196  0.547210 
  1.312500e+00  4.225635  3.884993  3.884187  0.547210 
  1.315000e+00  4.225617  3.884975  3.884177  0.547210 
  1.317500e+00  4.225598  3.884956  3.884168  0.547210 
  1.320000e+00  4.225580  3.884938  3.884159  0.547210 
  1.322500e+00  4.225562  3.884920  3.884150  0.547210 
  1.325000e+00  4.225545  3.884903  3.884141  0.547210 
  1.327500e+00  4.225527  3.884885  3.884133  0.547210 
  1.330000e+00  4.225510  3.884868  3.884124  0.547210 
  1.332500e+00  4.225493  3.884851  3.884115  0.547210 
  1.335000e+00  4.225476  3.884834  3.884107  0.547210 
  1.337500e+00  4.225459  3.884817  3.884099  0.547210 
  1.340000e+00  4.225443  3.884801  3.884090  0.547210 
  1.342500e+00  4.225427  3.884785  3.884082  0.547210 
  1.345000e+00  4.225411  3.884769  3.884074  0.547210 
  1.347500e+00  4.225395  3.884753  3.884066  0.547210 
  1.350000e+00  4.225379  3.884737  3.884058  0.547210 
  1.352500e+00  4.225363  3.884721  3.884050  0.547210 
  1.355000e+00  4.225348  3.884706  3.884043  0.547210 
  1.357500e+00  4.225333  3.884691  3.884035  0.547210 
  1.360000e+00  4.225318  3.884676  3.884027  0.547210 
  1.362500e+00  4.225303  3.884661  3.884020  0.547210 
  1.365000e+00  4.225288  3.884646  3.884013  0.547210 
  1.367500e+00  4.225274  3.884632  3.884005  0.547210 
  1.370000e+00  4.225259  3.884617  3.883998  0.547210 
  1.372500e+00  4.225245  3.884603  3.883991  0.547210 
  1.375000e+00  4.225231  3.884589  3.883984  0.547210 
  1.377500e+00  4.225217  3.884575  3.883977  0.547210 
  1.380000e+00  4.225204  3.884562  3.883970  0.547210 
  1.382500e+00  4.225190  3.884548  3.883963  0.547210 
  1.385000e+00  4.225177  3.884535  3.883956  0.547210 
  1.387500e+00  4.225164  3.884521  3.883950  0.547210 
  1.390000e+00  4.225151  3.884508  3.883943  0.547210 
  1.392500e+00  4.225138  3.884495  3.883937  0.547210 
  1.395000e+00  4.225125  3.884483  3.883930  0.547210 
  1.397500e+00  4.225112  3.884470  3.883924  0.547210 
  1.400000e+00  4.225100  3.884458  3.883918  0.547210 
  1.402500e+00  4.225087  3.884445  3.883911  0.547210 
  1.405000e+00  4.225075  3.884433  3.883905  0.547210 
  1.407500e+00  4.225063  3.884421  3.883899  0.547210 
  1.410000e+00  4.225051  3.884409  3.883893  0.547210 
  1.412500e+00  4.225039  3.884397  3.883887  0.547210 
  1.415000e+00  4.225028  3.884386  3.883881  0.547210 
  1.417500e+00  4.225016  3.884374  3.883876  0.547210 
  1.420000e+00  4.225005  3.884363  3.883870  0.547210 
  1.422500e+00  4.224994  3.884351  3.883864  0.547210 
  1.425000e+00  4.224982  3.884340  3.883859  0.547210 
  1.427500e+00  4.224971  3.884329  3.883853  0.547210 
  1.430000e+00  4.224961  3.884318  3.883848  0.547210 
  1.432500e+00  4.224950  3.884308  3.883842  0.547210 
  1.435000e+00  4.224939  3.884297  3.883837  0.547210 
  1.437500e+00  4.224929  3.884287  3.883832  0.547210 
  1.440000e+00  4.224918  3.884276  3.883826  0.547210 
  1.442500e+00  4.224908  3.884266  3.883821  0.547210 
  1.445000e+00  4.224898  3.884256  3.883816  0.547210 
  1.447500e+00  4.224888  3.884246  3.883811  0.547210 
  1.450000e+00  4.224878  3.884236  3.883806  0.547210 
  1.452500e+00  4.224868  3.884226  3.883801  0.547210 
  1.455000e+00  4.224858  3.884216  3.883796  0.547210 
  1.457500e+00  4.224849  3.884207  3.883791  0.547210 
  1.460000e+00  4.224839  3.884197  3.883786  0.547210 
  1.462500e+00  4.224830  3.884188  3.883782  0.547210 
  1.465000e+00  4.224821  3.884178  3.883777  0.547210 
  1.467500e+00  4.224811  3.884169  3.883772  0.547210 
  1.470000e+00  4.224802  3.884160  3.883768  0.547210 
  1.472500e+00  4.224793  3.884151  3.883763  0.547210 
  1.475000e+00  4.224785  3.884142  3.883759  0.547210 
  1.477500e+00  4.224776  3.884134  3.883755  0.547210 
  1.480000e+00  4.224767  3.884125  3.883750  0.547210 
  1.482500e+00  4.224759  3.884117  3.883746  0.547210 
  1.485000e+00  4.224750  3.884108  3.883742  0.547210 
  1.487500e+00  4.224742  3.884100  3.883737  0.547210 
  1.490000e+00  4.224734  3.884091  3.883733  0.547210 
  1.492500e+00  4.224725  3.884083  3.883729  0.547210 
  1.495000e+00  4.224717  3.884075  3.883725  0.547210 
  1.497500e+00  4.224709  3.884067  3.883721  0.547210 
  1.500000e+00  4.224701  3.884059  3.883717  0.547210 
  1.502500e+00  4.224694  3.884052  3.883713  0.547210 
  1.505000e+00  4.224686  3.884044  3.883709  0.547210 
  1.507500e+00  4.224678  3.884036  3.883705  0.547210 
  1.510000e+00  4.224671  3.884029  3.883701  0.547210 
  1.512500e+00  4.224663  3.884021  3.883698  0.547210 
  1.515000e+00  4.224656  3.884014  3.883694  0.547210 
  1.517500e+00  4.224649  3.884007  3.883690  0.547210 
  1.520000e+00  4.224641  3.883999  3.883687  0.547210 
  1.522500e+00  4.224634  3.883992  3.883683  0.547210 
  1.525000e+00  4.224627  3.883985  3.883680  0.547210 
  1.527500e+00  4.224620  3.883978  3.883676  0.547210 
  1.530000e+00  4.224613  3.883971  3.883673  0.547210 
  1.532500e+00  4.224607  3.883964  3.883669  0.547210 
  1.535000e+00  4.224600  3.883958  3.883666  0.547210 
  1.537500e+00  4.224593  3.883951  3.883662  0.547210 
  1.540000e+00  4.224587  3.883945  3.883659  0.547210 
  1.542500e+00  4.224580  3.883938  3.883656  0.547210 
  1.545000e+00  4.224574  3.883932  3.883653  0.547210 
  1.547500e+00  4.224567  3.883925  3.883649  0.547210 
  1.550000e+00  4.224561  3.883919  3.883646  0.547210 
  1.552500e+00  4.224555  3.883913  3.883643  0.547210 
  1.555000e+00  4.224549  3.883907  3.883640  0.547210 
  1.557500e+00  4.224543  3.883901  3.883637  0.547210 
  1.560000e+00  4.224537  3.883895  3.883634  0.547210 
  1.562500e+00  4.224531  3.883889  3.883631  0.547210 
  1.565000e+00  4.224525  3.883883  3.883628  0.547210 
  1.567500e+00  4.224519  3.883877  3.883625  0.547210 
  1.570000e+00  4.224513  3.883871  3.883622  0.547210 
  1.572500e+00  4.224508  3.883866  3.883619  0.547210 
  1.575000e+00  4.224502  3.883860  3.883616  0.547210 
  1.577500e+00  4.224497  3.883854  3.883614  0.547210 
  1.580000e+00  4.224491  3.883849  3.883611  0.547210 
  1.582500e+00  4.224486  3.883843  3.883608  0.547210 
  1.585000e+00  4.224480  3.883838  3.883605  0.547210 
  1.587500e+00  4.224475  3.883833  3.883603  0.547210 
  1.590000e+00  4.224470  3.883828  3.883600  0.547210 
  1.592500e+00  4.224465  3.883822  3.883597  0.547210 
  1.595000e+00  4.224459  3.883817  3.883595  0.547210 
  1.597500e+00  4.224454  3.883812  3.883592  0.547210 
  1.600000e+00  4.224449  3.883807  3.883590  0.547210 
  1.602500e+00  4.224444  3.883802  3.883587  0.547210 
  1.605000e+00  4.224440  3.883797  3.883585  0.547210 
  1.607500e+00  4.224435  3.883793  3.883582  0.547210 
  1.610000e+00  4.224430  3.883788  3.883580  0.547210 
  1.612500e+00  4.224425  3.883783  3.883578  0.547210 
  1.615000e+00  4.224421  3.883778  3.883575  0.547210 
  1.617500e+00  4.224416  3.883774  3.883573  0.547210 
  1.620000e+00  4.224411  3.883769  3.883571  0.547210 
  1.622500e+00  4.224407  3.883765  3.883568  0.547210 
  1.625000e+00  4.224402  3.883760  3.883566  0.547210 
  1.627500e+00  4.224398  3.883756  3.883564  0.547210 
  1.630000e+00  4.224394  3.883751  3.883562  0.547210 
  1.632500e+00  4.224389  3.883747  3.883559  0.547210 
  1.635000e+00  4.224385  3.883743  3.883557  0.547210 
  1.637500e+00  4.224381  3.883739  3.883555  0.547210 
  1.640000e+00  4.224377  3.883735  3.883553  0.547210 
  1.642500e+00  4.224373  3.883730  3.883551  0.547210 
  1.645000e+00  4.224368  3.883726  3.883549  0.547210 
  1.647500e+00  4.224364  3.883722  3.883547  0.547210 
  1.650000e+00  4.224360  3.883718  3.883545  0.547210 
  1.652500e+00  4.224357  3.883714  3.883543  0.547210 
  1.655000e+00  4.224353  3.883710  3.883541  0.547210 
  1.657500e+00  4.224349  3.883707  3.883539  0.547210 
  1.660000e+00  4.224345  3.883703  3.883537  0.547210 
  1.662500e+00  4.224341  3.883699  3.883535  0.547210 
  1.665000e+00  4.224337  3.883695  3.883533  0.547210 
  1.667500e+00  4.224334  3.883692  3.883531  0.547210 
  1.670000e+00  4.224330  3.883688  3.883530  0.547210 
  1.672500e+00  4.224327  3.883684  3.883528  0.547210 
  1.675000e+00  4.224323  3.883681  3.883526  0.547210 
  1.677500e+00  4.224319  3.883677  3.883524  0.547210 
  1.680000e+00  4.224316  3.883674  3.883522  0.547210 
  1.682500e+00  4.224313  3.883670  3.883521  0.547210 
  1.685000e+00  4.224309  3.883667  3.883519  0.547210 
  1.687500e+00  4.224306  3.883664  3.883517  0.547210 
  1.690000e+00  4.224303  3.883660  3.883516  0.547210 
  1.692500e+00  4.224299  3.883657  3.883514  0.547210 
  1.695000e+00  4.224296  3.883654  3.883512  0.547210 
  1.697500e+00  4.224293  3.883651  3.883511  0.547210 
  1.700000e+00  4.224290  3.883647  3.883509  0.547210 
  1.702500e+00  4.224286  3.883644  3.883508  0.547210 
  1.705000e+00  4.224283  3.883641  3.883506  0.547210 
  1.707500e+00  4.224280  3.883638  3.883504  0.547210 
  1.710000e+00  4.224277  3.883635  3.883503  0.547210 
  1.712500e+00  4.224274  3.883632  3.883501  0.547210 
  1.715000e+00  4.224271  3.883629  3.883500  0.547210 
  1.717500e+00  4.224268  3.883626  3.883498  0.547210 
  1.720000e+00  4.224265  3.883623  3.883497  0.547210 
  1.722500e+00  4.224263  3.883620  3.883496  0.547210 
  1.725000e+00  4.224260  3.883618  3.883494  0.547210 
  1.727500e+00  4.224257  3.883615  3.883493  0.547210 
  1.730000e+00  4.224254  3.883612  3.883491  0.547210 
  1.732500e+00  4.224251  3.883609  3.883490  0.547210 
  1.735000e+00  4.224249  3.883607  3.883489  0.547210 
  1.737500e+00  4.224246  3.883604  3.883487  0.547210 
  1.740000e+00  4.224243  3.883601  3.883486  0.547210 
  1.742500e+00  4.224241  3.883599  3.883485  0.547210 
  1.745000e+00  4.224238  3.883596  3.883483  0.547210 
  1.747500e+00  4.224236  3.883594  3.883482  0.547210 
  1.750000e+00  4.224233  3.883591  3.883481  0.547210 
  1.752500e+00  4.224231  3.883588  3.883479  0.547210 
  1.755000e+00  4.224228  3.883586  3.883478  0.547210 
  1.757500e+00  4.224226  3.883584  3.883477  0.547210 
  1.760000e+00  4.224223  3.883581  3.883476  0.547210 
  1.762500e+00  4.224221  3.883579  3.883475  0.547210 
  1.765000e+00  4.224219  3.883576  3.883473  0.547210 
  1.767500e+00  4.224216  3.883574  3.883472  0.547210 
  1.770000e+00  4.224214  3.883572  3.883471  0.547210 
  1.772500e+00  4.224212  3.883569  3.883470  0.547210 
  1.775000e+00  4.224209  3.883567  3.883469  0.547210 
  1.777500e+00  4.224207  3.883565  3.883468  0.547210 
  1.780000e+00  4.224205  3.883563  3.883466  0.547210 
  1.782500e+00  4.224203  3.883561  3.883465  0.547210 
  1.785000e+00  4.224201  3.883558  3.883464  0.547210 
  1.787500e+00  4.224198  3.883556  3.883463  0.547210 
  1.790000e+00  4.224196  3.883554  3.883462  0.547210 
  1.792500e+00  4.224194  3.883552  3.883461  0.547210 
  1.795000e+00  4.224192  3.883550  3.883460  0.547210 
  1.797500e+00  4.224190  3.883548  3.883459  0.547210 
  1.800000e+00  4.224188  3.883546  3.883458  0.547210 
  1.802500e+00  4.224186  3.883544  3.883457  0.547210 
  1.805000e+00  4.224184  3.883542  3.883456  0.547210 
  1.807500e+00  4.224182  3.883540  3.883455  0.547210 
  1.810000e+00  4.224180  3.883538  3.883454  0.547210 
  1.812500e+00  4.224178  3.883536  3.883453  0.547210 
  1.815000e+00  4.224177  3.883534  3.883452  0.547210 
  1.817500e+00  4.224175  3.883533  3.883451  0.547210 
  1.820000e+00  4.224173  3.883531  3.883450  0.547210 
  1.822500e+00  4.224171  3.883529  3.883449  0.547210 
  1.825000e+00  4.224169  3.883527  3.883448  0.547210 
  1.827500e+00  4.224167  3.883525  3.883448  0.547210 
  1.830000e+00  4.224166  3.883524  3.883447  0.547210 
  1.832500e+00  4.224164  3.883522  3.883446  0.547210 
  1.835000e+00  4.224162  3.883520  3.883445  0.547210 
  1.837500e+00  4.224161  3.883518  3.883444  0.547210 
  1.840000e+00  4.224159  3.883517  3.883443  0.547210 
  1.842500e+00  4.224157  3.883515  3.883442  0.547210 
  1.845000e+00  4.224156  3.883513  3.883442  0.547210 
  1.847500e+00  4.224154  3.883512  3.883441  0.547210 
  1.850000e+00  4.224152  3.883510  3.883440  0.547210 
  1.852500e+00  4.224151  3.883509  3.883439  0.547210 
  1.855000e+00  4.224149  3.883507  3.883438  0.547210 
  1.857500e+00  4.224148  3.883505  3.883438  0.547210 
  1.860000e+00  4.224146  3.883504  3.883437  0.547210 
  1.862500e+00  4.224145  3.883502  3.883436  0.547210 
  1.865000e+00  4.224143  3.883501  3.883435  0.547210 
  1.867500e+00  4.224142  3.883499  3.883434  0.547210 
  1.870000e+00  4.224140  3.883498  3.883434  0.547210 
  1.872500e+00  4.224139  3.883496  3.883433  0.547210 
  1.875000e+00  4.224137  3.883495  3.883432  0.547210 
  1.877500e+00  4.224136  3.883494  3.883432  0.547210 
  1.880000e+00  4.224134  3.883492  3.883431  0.547210 
  1.882500e+00  4.224133  3.883491  3.883430  0.547210 
  1.885000e+00  4.224132  3.883489  3.883429  0.547210 
  1.887500e+00  4.224130  3.883488  3.883429  0.547210 
  1.890000e+00  4.224129  3.883487  3.883428  0.547210 
  1.892500e+00  4.224128  3.883485  3.883427  0.547210 
  1.895000e+00  4.224126  3.883484  3.883427  0.547210 
  1.897500e+00  4.224125  3.883483  3.883426  0.547210 
  1.900000e+00  4.224124  3.883482  3.883426  0.547210 
  1.902500e+00  4.224122  3.883480  3.883425  0.547210 
  1.905000e+00  4.224121  3.883479  3.883424  0.547210 
  1.907500e+00  4.224120  3.883478  3.883424  0.547210 
  1.910000e+00  4.224119  3.883477  3.883423  0.547210 
  1.912500e+00  4.224118  3.883475  3.883422  0.547210 
  1.915000e+00  4.224116  3.883474  3.883422  0.547210 
  1.917500e+00  4.224115  3.883473  3.883421  0.547210 
  1.920000e+00  4.224114  3.883472  3.883421  0.547210 
  1.922500e+00  4.224113  3.883471  3.883420  0.547210 
  1.925000e+00  4.224112  3.883469  3.883419  0.547210 
  1.927500e+00  4.224111  3.883468  3.883419  0.547210 
  1.930000e+00  4.224109  3.883467  3.883418  0.547210 
  1.932500e+00  4.224108  3.883466  3.883418  0.547210 
  1.935000e+00  4.224107  3.883465  3.883417  0.547210 
  1.937500e+00  4.224106  3.883464  3.883417  0.547210 
  1.940000e+00  4.224105  3.883463  3.883416  0.547210 
  1.942500e+00  4.224104  3.883462  3.883416  0.547210 
  1.945000e+00  4.224103  3.883461  3.883415  0.547210 
  1.947500e+00  4.224102  3.883460  3.883415  0.547210 
  1.950000e+00  4.224101  3.883459  3.883414  0.547210 
  1.952500e+00  4.224100  3.883458  3.883414  0.547210 
  1.955000e+00  4.224099  3.883457  3.883413  0.547210 
  1.957500e+00  4.224098  3.883456  3.883413  0.547210 
  1.960000e+00  4.224097  3.883455  3.883412  0.547210 
  1.962500e+00  4.224096  3.883454  3.883412  0.547210 
  1.965000e+00  4.224095  3.883453  3.883411  0.547210 
  1.967500e+00  4.224094  3.883452  3.883411  0.547210 
  1.970000e+00  4.224093  3.883451  3.883410  0.547210 
  1.972500e+00  4.224092  3.883450  3.883410  0.547210 
  1.975000e+00  4.224091  3.883449  3.883409  0.547210 
  1.977500e+00  4.224090  3.883448  3.883409  0.547210 
  1.980000e+00  4.224090  3.883447  3.883408  0.547210 
  1.982500e+00  4.224089  3.883446  3.883408  0.547210 
  1.985000e+00  4.224088  3.883446  3.883407  0.547210 
  1.987500e+00  4.224087  3.883445  3.883407  0.547210 
  1.990000e+00  4.224086  3.883444  3.883407  0.547210 
  1.992500e+00  4.224085  3.883443  3.883406  0.547210 
  1.995000e+00  4.224084  3.883442  3.883406  0.547210 
  1.997500e+00  4.224084  3.883441  3.883405  0.547210 
  2.000000e+00  4.224083  3.883441  3.883405  0.547210 
  2.002500e+00  4.224082  3.883440  3.883404  0.547210 
  2.005000e+00  4.224081  3.883439  3.883404  0.547210 
  2.007500e+00  4.224080  3.883438  3.883404  0.547210 
  2.010000e+00  4.224080  3.883437  3.883403  0.547210 
  2.012500e+00  4.224079  3.883437  3.883403  0.547210 
  2.015000e+00  4.224078  3.883436  3.883403  0.547210 
  2.017500e+00  4.224077  3.883435  3.883402  0.547210 
  2.020000e+00  4.224077  3.883434  3.883402  0.547210 
  2.022500e+00  4.224076  3.883434  3.883401  0.547210 
  2.025000e+00  4.224075  3.883433  3.883401  0.547210 
  2.027500e+00  4.224074  3.883432  3.883401  0.547210 
  2.030000e+00  4.224074  3.883431  3.883400  0.547210 
  2.032500e+00  4.224073  3.883431  3.883400  0.547210 
  2.035000e+00  4.224072  3.883430  3.883400  0.547210 
  2.037500e+00  4.224072  3.883429  3.883399  0.547210 
  2.040000e+00  4.224071  3.883429  3.883399  0.547210 
  2.042500e+00  4.224070  3.883428  3.883399  0.547210 
  2.045000e+00  4.224070  3.883427  3.883398  0.547210 
  2.047500e+00  4.224069  3.883427  3.883398  0.547210 
  2.050000e+00  4.224068  3.883426  3.883398  0.547210 
  2.052500e+00  4.224068  3.883425  3.883397  0.547210 
  2.055000e+00  4.224067  3.883425  3.883397  0.547210 
  2.057500e+00  4.224066  3.883424  3.883397  0.547210 
  2.060000e+00  4.224066  3.883424  3.883396  0.547210 
  2.062500e+00  4.224065  3.883423  3.883396  0.547210 
  2.065000e+00  4.224064  3.883422  3.883396  0.547210 
  2.067500e+00  4.224064  3.883422  3.883395  0.547210 
  2.070000e+00  4.224063  3.883421  3.883395  0.547210 
  2.072500e+00  4.224063  3.883421  3.883395  0.547210 
  2.075000e+00  4.224062  3.883420  3.883395  0.547210 
  2.077500e+00  4.224062  3.883419  3.883394  0.547210 
  2.080000e+00  4.224061  3.883419  3.883394  0.547210 
  2.082500e+00  4.224060  3.883418  3.883394  0.547210 
  2.085000e+00  4.224060  3.883418  3.883393  0.547210 
  2.087500e+00  4.224059  3.883417  3.883393  0.547210 
  2.090000e+00  4.224059  3.883417  3.883393  0.547210 
  2.092500e+00  4.224058  3.883416  3.883393  0.547210 
  2.095000e+00  4.224058  3.883416  3.883392  0.547210 
  2.097500e+00  4.224057  3.883415  3.883392  0.547210 
  2.100000e+00  4.224057  3.883414  3.883392  0.547210 
  2.102500e+00  4.224056  3.883414  3.883392  0.547210 
  2.105000e+00  4.224056  3.883413  3.883391  0.547210 
  2.107500e+00  4.224055  3.883413  3.883391  0.547210 
  2.110000e+00  4.224055  3.883412  3.883391  0.547210 
  2.112500e+00  4.224054  3.883412  3.883391  0.547210 
  2.115000e+00  4.224054  3.883411  3.883390  0.547210 
  2.117500e+00  4.224053  3.883411  3.883390  0.547210 
  2.120000e+00  4.224053  3.883411  3.883390  0.547210 
  2.122500e+00  4.224052  3.883410  3.883390  0.547210 
  2.125000e+00  4.224052  3.883410  3.883389  0.547210 
  2.127500e+00  4.224051  3.883409  3.883389  0.547210 
  2.130000e+00  4.224051  3.883409  3.883389  0.547210 
  2.132500e+00  4.224050  3.883408  3.883389  0.547210 
  2.135000e+00  4.224050  3.883408  3.883388  0.547210 
  2.137500e+00  4.224050  3.883407  3.883388  0.547210 
  2.140000e+00  4.224049  3.883407  3.883388  0.547210 
  2.142500e+00  4.224049  3.883407  3.883388  0.547210 
  2.145000e+00  4.224048  3.883406  3.883388  0.547210 
  2.147500e+00  4.224048  3.883406  3.883387  0.547210 
  2.150000e+00  4.224047  3.883405  3.883387  0.547210 
  2.152500e+00  4.224047  3.883405  3.883387  0.547210 
  2.155000e+00  4.224047  3.883404  3.883387  0.547210 
  2.157500e+00  4.224046  3.883404  3.883387  0.547210 
  2.160000e+00  4.224046  3.883404  3.883386  0.547210 
  2.162500e+00  4.224045  3.883403  3.883386  0.547210 
  2.165000e+00  4.224045  3.883403  3.883386  0.547210 
  2.167500e+00  4.224045  3.883402  3.883386  0.547210 
  2.170000e+00  4.224044  3.883402  3.883386  0.547210 
  2.172500e+00  4.224044  3.883402  3.883385  0.547210 
  2.175000e+00  4.224044  3.883401  3.883385  0.547210 
  2.177500e+00  4.224043  3.883401  3.883385  0.547210 
  2.180000e+00  4.224043  3.883401  3.883385  0.547210 
  2.182500e+00  4.224042  3.883400  3.883385  0.547210 
  2.185000e+00  4.224042  3.883400  3.883384  0.547210 
  2.187500e+00  4.224042  3.883400  3.883384  0.547210 
  2.190000e+00  4.224041  3.883399  3.883384  0.547210 
  2.192500e+00  4.224041  3.883399  3.883384  0.547210 
  2.195000e+00  4.224041  3.883399  3.883384  0.547210 
  2.197500e+00  4.224040  3.883398  3.883384  0.547210 
  2.200000e+00  4.224040  3.883398  3.883383  0.547210 
  2.202500e+00  4.224040  3.883398  3.883383  0.547210 
  2.205000e+00  4.224039  3.883397  3.883383  0.547210 
  2.207500e+00  4.224039  3.883397  3.883383  0.547210 
  2.210000e+00  4.224039  3.883397  3.883383  0.547210 
  2.212500e+00  4.224038  3.883396  3.883383  0.547210 
  2.215000e+00  4.224038  3.883396  3.883382  0.547210 
  2.217500e+00  4.224038  3.883396  3.883382  0.547210 
  2.220000e+00  4.224038  3.883395  3.883382  0.547210 
  2.222500e+00  4.224037  3.883395  3.883382  0.547210 
  2.225000e+00  4.224037  3.883395  3.883382  0.547210 
  2.227500e+00  4.224037  3.883394  3.883382  0.547210 
  2.230000e+00  4.224036  3.883394  3.883382  0.547210 
  2.232500e+00  4.224036  3.883394  3.883381  0.547210 
  2.235000e+00  4.224036  3.883394  3.883381  0.547210 
  2.237500e+00  4.224036  3.883393  3.883381  0.547210 
  2.240000e+00  4.224035  3.883393  3.883381  0.547210 
  2.242500e+00  4.224035  3.883393  3.883381  0.547210 
  2.245000e+00  4.224035  3.883393  3.883381  0.547210 
  2.247500e+00  4.224034  3.883392  3.883381  0.547210 
  2.250000e+00  4.224034  3.883392  3.883380  0.547210 
  2.252500e+00  4.224034  3.883392  3.883380  0.547210 
  2.255000e+00  4.224034  3.883391  3.883380  0.547210 
  2.257500e+00  4.224033  3.883391  3.883380  0.547210 
  2.260000e+00  4.224033  3.883391  3.883380  0.547210 
  2.262500e+00  4.224033  3.883391  3.883380  0.547210 
  2.265000e+00  4.224033  3.883390  3.883380  0.547210 
  2.267500e+00  4.224032  3.883390  3.883380  0.547210 
  2.270000e+00  4.224032  3.883390  3.883379  0.547210 
  2.272500e+00  4.224032  3.883390  3.883379  0.547210 
  2.275000e+00  4.224032  3.883390  3.883379  0.547210 
  2.277500e+00  4.224031  3.883389  3.883379  0.547210 
  2.280000e+00  4.224031  3.883389  3.883379  0.547210 
  2.282500e+00  4.224031  3.883389  3.883379  0.547210 
  2.285000e+00  4.224031  3.883389  3.883379  0.547210 
  2.287500e+00  4.224031  3.883388  3.883379  0.547210 
  2.290000e+00  4.224030  3.883388  3.883379  0.547210 
  2.292500e+00  4.224030  3.883388  3.883378  0.547210 
  2.295000e+00  4.224030  3.883388  3.883378  0.547210 
  2.297500e+00  4.224030  3.883388  3.883378  0.547210 
  2.300000e+00  4.224030  3.883387  3.883378  0.547210 
  2.302500e+00  4.224029  3.883387  3.883378  0.547210 
  2.305000e+00  4.224029  3.883387  3.883378  0.547210 
  2.307500e+00  4.224029  3.883387  3.883378  0.547210 
  2.310000e+00  4.224029  3.883387  3.883378  0.547210 
  2.312500e+00  4.224029  3.883386  3.883378  0.547210 
  2.315000e+00  4.224028  3.883386  3.883378  0.547210 
  2.317500e+00  4.224028  3.883386  3.883377  0.547210 
  2.320000e+00  4.224028  3.883386  3.883377  0.547210 
  2.322500e+00  4.224028  3.883386  3.883377  0.547210 
  2.325000e+00  4.224028  3.883385  3.883377  0.547210 
  2.327500e+00  4.224027  3.883385  3.883377  0.547210 
  2.330000e+00  4.224027  3.883385  3.883377  0.547210 
  2.332500e+00  4.224027  3.883385  3.883377  0.547210 
  2.335000e+00  4.224027  3.883385  3.883377  0.547210 
  2.337500e+00  4.224027  3.883384  3.883377  0.547210 
  2.340000e+00  4.224026  3.883384  3.883377  0.547210 
  2.342500e+00  4.224026  3.883384  3.883377  0.547210 
  2.345000e+00  4.224026  3.883384  3.883376  0.547210 
  2.347500e+00  4.224026  3.883384  3.883376  0.547210 
  2.350000e+00  4.224026  3.883384  3.883376  0.547210 
  2.352500e+00  4.224026  3.883383  3.883376  0.547210 
  2.355000e+00  4.224025  3.883383  3.883376  0.547210 
  2.357500e+00  4.224025  3.883383  3.883376  0.547210 
  2.360000e+00  4.224025  3.883383  3.883376  0.547210 
  2.362500e+00  4.224025  3.883383  3.883376  0.547210 
  2.365000e+00  4.224025  3.883383  3.883376  0.547210 
  2.367500e+00  4.224025  3.883382  3.883376  0.547210 
  2.370000e+00  4.224025  3.883382  3.883376  0.547210 
  2.372500e+00  4.224024  3.883382  3.883376  0.547210 
  2.375000e+00  4.224024  3.883382  3.883375  0.547210 
  2.377500e+00  4.224024  3.883382  3.883375  0.547210 
  2.380000e+00  4.224024  3.883382  3.883375  0.547210 
  2.382500e+00  4.224024  3.883382  3.883375  0.547210 
  2.385000e+00  4.224024  3.883381  3.883375  0.547210 
  2.387500e+00  4.224023  3.883381  3.883375  0.547210 
  2.390000e+00  4.224023  3.883381  3.883375  0.547210 
  2.392500e+00  4.224023  3.883381  3.883375  0.547210 
  2.395000e+00  4.224023  3.883381  3.883375  0.547210 
  2.397500e+00  4.224023  3.883381  3.883375  0.547210 
  2.400000e+00  4.224023  3.883381  3.883375  0.547210 
  2.402500e+00  4.224023  3.883380  3.883375  0.547210 
  2.405000e+00  4.224023  3.883380  3.883375  0.547210 
  2.407500e+00  4.224022  3.883380  3.883375  0.547210 
  2.410000e+00  4.224022  3.883380  3.883374  0.547210 
  2.412500e+00  4.224022  3.883380  3.883374  0.547210 
  2.415000e+00  4.224022  3.883380  3.883374  0.547210 
  2.417500e+00  4.224022  3.883380  3.883374  0.547210 
  2.420000e+00  4.224022  3.883380  3.883374  0.547210 
  2.422500e+00  4.224022  3.883379  3.883374  0.547210 
  2.425000e+00  4.224022  3.883379  3.883374  0.547210 
  2.427500e+00  4.224021  3.883379  3.883374  0.547210 
  2.430000e+00  4.224021  3.883379  3.883374  0.547210 
  2.432500e+00  4.224021  3.883379  3.883374  0.547210 
  2.435000e+00  4.224021  3.883379  3.883374  0.547210 
  2.437500e+00  4.224021  3.883379  3.883374  0.547210 
  2.440000e+00  4.224021  3.883379  3.883374  0.547210 
  2.442500e+00  4.224021  3.883379  3.883374  0.547210 
  2.445000e+00  4.224021  3.883378  3.883374  0.547210 
  2.447500e+00  4.224021  3.883378  3.883374  0.547210 
  2.450000e+00  4.224020  3.883378  3.883374  0.547210 
  2.452500e+00  4.224020  3.883378  3.883373  0.547210 
  2.455000e+00  4.224020  3.883378  3.883373  0.547210 
  2.457500e+00  4.224020  3.883378  3.883373  0.547210 
  2.460000e+00  4.224020  3.883378  3.883373  0.547210 
  2.462500e+00  4.224020  3.883378  3.883373  0.547210 
  2.465000e+00  4.224020  3.883378  3.883373  0.547210 
  2.467500e+00  4.224020  3.883378  3.883373  0.547210 
  2.470000e+00  4.224020  3.883377  3.883373  0.547210 
  2.472500e+00  4.224020  3.883377  3.883373  0.547210 
  2.475000e+00  4.224019  3.883377  3.883373  0.547210 
  2.477500e+00  4.224019  3.883377  3.883373  0.547210 
  2.480000e+00  4.224019  3.883377  3.883373  0.547210 
  2.482500e+00  4.224019  3.883377  3.883373  0.547210 
  2.485000e+00  4.224019  3.883377  3.883373  0.547210 
  2.487500e+00  4.224019  3.883377  3.883373  0.547210 
  2.490000e+00  4.224019  3.883377  3.883373  0.547210 
  2.492500e+00  4.224019  3.883377  3.883373  0.547210 
  2.495000e+00  4.224019  3.883376  3.883373  0.547210 
  2.497500e+00  4.224019  3.883376  3.883373  0.547210 
  2.500000e+00  4.224019  3.883376  3.883373  0.547210 
  2.502500e+00  4.224018  3.883376  3.883373  0.547210 
  2.505000e+00  4.224018  3.883376  3.883373  0.547210 
  2.507500e+00  4.224018  3.883376  3.883372  0.547210 
  2.510000e+00  4.224018  3.883376  3.883372  0.547210 
  2.512500e+00  4.224018  3.883376  3.883372  0.547210 
  2.515000e+00  4.224018  3.883376  3.883372  0.547210 
  2.517500e+00  4.224018  3.883376  3.883372  0.547210 
  2.520000e+00  4.224018  3.883376  3.883372  0.547210 
  2.522500e+00  4.224018  3.883376  3.883372  0.547210 
  2.525000e+00  4.224018  3.883376  3.883372  0.547210 
  2.527500e+00  4.224018  3.883375  3.883372  0.547210 
  2.530000e+00  4.224018  3.883375  3.883372  0.547210 
  2.532500e+00  4.224017  3.883375  3.883372  0.547210 
  2.535000e+00  4.224017  3.883375  3.883372  0.547210 
  2.537500e+00  4.224017  3.883375  3.883372  0.547210 
  2.540000e+00  4.224017  3.883375  3.883372  0.547210 
  2.542500e+00  4.224017  3.883375  3.883372  0.547210 
  2.545000e+00  4.224017  3.883375  3.883372  0.547210 
  2.547500e+00  4.224017  3.883375  3.883372  0.547210 
  2.550000e+00  4.224017  3.883375  3.883372  0.547210 
  2.552500e+00  4.224017  3.883375  3.883372  0.547210 
  2.555000e+00  4.224017  3.883375  3.883372  0.547210 
  2.557500e+00  4.224017  3.883375  3.883372  0.547210 
  2.560000e+00  4.224017  3.883375  3.883372  0.547210 
  2.562500e+00  4.224017  3.883374  3.883372  0.547210 
  2.565000e+00  4.224017  3.883374  3.883372  0.547210 
  2.567500e+00  4.224017  3.883374  3.883372  0.547210 
  2.570000e+00  4.224016  3.883374  3.883372  0.547210 
  2.572500e+00  4.224016  3.883374  3.883372  0.547210 
  2.575000e+00  4.224016  3.883374  3.883372  0.547210 
  2.577500e+00  4.224016  3.883374  3.883371  0.547210 
  2.580000e+00  4.224016  3.883374  3.883371  0.547210 
  2.582500e+00  4.224016  3.883374  3.883371  0.547210 
  2.585000e+00  4.224016  3.883374  3.883371  0.547210 
  2.587500e+00  4.224016  3.883374  3.883371  0.547210 
  2.590000e+00  4.224016  3.883374  3.883371  0.547210 
  2.592500e+00  4.224016  3.883374  3.883371  0.547210 
  2.595000e+00  4.224016  3.883374  3.883371  0.547210 
  2.597500e+00  4.224016  3.883374  3.883371  0.547210 
  2.600000e+00  4.224016  3.883374  3.883371  0.547210 
  2.602500e+00  4.224016  3.883374  3.883371  0.547210 
  2.605000e+00  4.224016  3.883373  3.883371  0.547210 
  2.607500e+00  4.224016  3.883373  3.883371  0.547210 
  2.610000e+00  4.224016  3.883373  3.883371  0.547210 
  2.612500e+00  4.224016  3.883373  3.883371  0.547210 
  2.615000e+00  4.224015  3.883373  3.883371  0.547210 
  2.617500e+00  4.224015  3.883373  3.883371  0.547210 
  2.620000e+00  4.224015  3.883373  3.883371  0.547210 
  2.622500e+00  4.224015  3.883373  3.883371  0.547210 
  2.625000e+00  4.224015  3.883373  3.883371  0.547210 
  2.627500e+00  4.224015  3.883373  3.883371  0.547210 
  2.630000e+00  4.224015  3.883373  3.883371  0.547210 
  2.632500e+00  4.224015  3.883373  3.883371  0.547210 
  2.635000e+00  4.224015  3.883373  3.883371  0.547210 
  2.637500e+00  4.224015  3.883373  3.883371  0.547210 
  2.640000e+00  4.224015  3.883373  3.883371  0.547210 
  2.642500e+00  4.224015  3.883373  3.883371  0.547210 
  2.645000e+00  4.224015  3.883373  3.883371  0.547210 
  2.647500e+00  4.224015  3.883373  3.883371  0.547210 
  2.650000e+00  4.224015  3.883373  3.883371  0.547210 
  2.652500e+00  4.224015  3.883373  3.883371  0.547210 
  2.655000e+00  4.224015  3.883373  3.883371  0.547210 
  2.657500e+00  4.224015  3.883372  3.883371  0.547210 
  2.660000e+00  4.224015  3.883372  3.883371  0.547210 
  2.662500e+00  4.224015  3.883372  3.883371  0.547210 
  2.665000e+00  4.224015  3.883372  3.883371  0.547210 
  2.667500e+00  4.224015  3.883372  3.883371  0.547210 
  2.670000e+00  4.224014  3.883372  3.883371  0.547210 
  2.672500e+00  4.224014  3.883372  3.883371  0.547210 
  2.675000e+00  4.224014  3.883372  3.883371  0.547210 
  2.677500e+00  4.224014  3.883372  3.883371  0.547210 
  2.680000e+00  4.224014  3.883372  3.883370  0.547210 
  2.682500e+00  4.224014  3.883372  3.883370  0.547210 
  2.685000e+00  4.224014  3.883372  3.883370  0.547210 
  2.687500e+00  4.224014  3.883372  3.883370  0.547210 
  2.690000e+00  4.224014  3.883372  3.883370  0.547210 
  2.692500e+00  4.224014  3.883372  3.883370  0.547210 
  2.695000e+00  4.224014  3.883372  3.883370  0.547210 
  2.697500e+00  4.224014  3.883372  3.883370  0.547210 
  2.700000e+00  4.224014  3.883372  3.883370  0.547210 
  2.702500e+00  4.224014  3.883372  3.883370  0.547210 
  2.705000e+00  4.224014  3.883372  3.883370  0.547210 
  2.707500e+00  4.224014  3.883372  3.883370  0.547210 
  2.710000e+00  4.224014  3.883372  3.883370  0.547210 
  2.712500e+00  4.224014  3.883372  3.883370  0.547210 
  2.715000e+00  4.224014  3.883372  3.883370  0.547210 
  2.717500e+00  4.224014  3.883372  3.883370  0.547210 
  2.720000e+00  4.224014  3.883372  3.883370  0.547210 
  2.722500e+00  4.224014  3.883372  3.883370  0.547210 
  2.725000e+00  4.224014  3.883372  3.883370  0.547210 
  2.727500e+00  4.224014  3.883371  3.883370  0.547210 
  2.730000e+00  4.224014  3.883371  3.883370  0.547210 
  2.732500e+00  4.224014  3.883371  3.883370  0.547210 
  2.735000e+00  4.224014  3.883371  3.883370  0.547210 
  2.737500e+00  4.224014  3.883371  3.883370  0.547210 
  2.740000e+00  4.224014  3.883371  3.883370  0.547210 
  2.742500e+00  4.224014  3.883371  3.883370  0.547210 
  2.745000e+00  4.224013  3.883371  3.883370  0.547210 
  2.747500e+00  4.224013  3.883371  3.883370  0.547210 
  2.750000e+00  4.224013  3.883371  3.883370  0.547210 
  2.752500e+00  4.224013  3.883371  3.883370  0.547210 
  2.755000e+00  4.224013  3.883371  3.883370  0.547210 
  2.757500e+00  4.224013  3.883371  3.883370  0.547210 
  2.760000e+00  4.224013  3.883371  3.883370  0.547210 
  2.762500e+00  4.224013  3.883371  3.883370  0.547210 
  2.765000e+00  4.224013  3.883371  3.883370  0.547210 
  2.767500e+00  4.224013  3.883371  3.883370  0.547210 
  2.770000e+00  4.224013  3.883371  3.883370  0.547210 
  2.772500e+00  4.224013  3.883371  3.883370  0.547210 
  2.775000e+00  4.224013  3.883371  3.883370  0.547210 
  2.777500e+00  4.224013  3.883371  3.883370  0.547210 
  2.780000e+00  4.224013  3.883371  3.883370  0.547210 
  2.782500e+00  4.224013  3.883371  3.883370  0.547210 
  2.785000e+00  4.224013  3.883371  3.883370  0.547210 
  2.787500e+00  4.224013  3.883371  3.883370  0.547210 
  2.790000e+00  4.224013  3.883371  3.883370  0.547210 
  2.792500e+00  4.224013  3.883371  3.883370  0.547210 
  2.795000e+00  4.224013  3.883371  3.883370  0.547210 
  2.797500e+00  4.224013  3.883371  3.883370  0.547210 
  2.800000e+00  4.224013  3.883371  3.883370  0.547210 
  2.802500e+00  4.224013  3.883371  3.883370  0.547210 
  2.805000e+00  4.224013  3.883371  3.883370  0.547210 
  2.807500e+00  4.224013  3.883371  3.883370  0.547210 
  2.810000e+00  4.224013  3.883371  3.883370  0.547210 
  2.812500e+00  4.224013  3.883371  3.883370  0.547210 
  2.815000e+00  4.224013  3.883371  3.883370  0.547210 
  2.817500e+00  4.224013  3.883371  3.883370  0.547210 
  2.820000e+00  4.224013  3.883371  3.883370  0.547210 
  2.822500e+00  4.224013  3.883371  3.883370  0.547210 
  2.825000e+00  4.224013  3.883371  3.883370  0.547210 
  2.827500e+00  4.224013  3.883371  3.883370  0.547210 
  2.830000e+00  4.224013  3.883370  3.883370  0.547210 
  2.832500e+00  4.224013  3.883370  3.883370  0.547210 
  2.835000e+00  4.224013  3.883370  3.883370  0.547210 
  2.837500e+00  4.224013  3.883370  3.883370  0.547210 
  2.840000e+00  4.224013  3.883370  3.883370  0.547210 
  2.842500e+00  4.224013  3.883370  3.883370  0.547210 
  2.845000e+00  4.224013  3.883370  3.883370  0.547210 
  2.847500e+00  4.224013  3.883370  3.883370  0.547210 
  2.850000e+00  4.224013  3.883370  3.883370  0.547210 
  2.852500e+00  4.224013  3.883370  3.883370  0.547210 
  2.855000e+00  4.224013  3.883370  3.883370  0.547210 
  2.857500e+00  4.224012  3.883370  3.883370  0.547210 
  2.860000e+00  4.224012  3.883370  3.883370  0.547210 
  2.862500e+00  4.224012  3.883370  3.883370  0.547210 
  2.865000e+00  4.224012  3.883370  3.883370  0.547210 
  2.867500e+00  4.224012  3.883370  3.883370  0.547210 
  2.870000e+00  4.224012  3.883370  3.883370  0.547210 
  2.872500e+00  4.224012  3.883370  3.883370  0.547210 
  2.875000e+00  4.224012  3.883370  3.883370  0.547210 
  2.877500e+00  4.224012  3.883370  3.883370  0.547210 
  2.880000e+00  4.224012  3.883370  3.883370  0.547210 
  2.882500e+00  4.224012  3.883370  3.883369  0.547210 
  2.885000e+00  4.224012  3.883370  3.883369  0.547210 
  2.887500e+00  4.224012  3.883370  3.883369  0.547210 
  2.890000e+00  4.224012  3.883370  3.883369  0.547210 
  2.892500e+00  4.224012  3.883370  3.883369  0.547210 
  2.895000e+00  4.224012  3.883370  3.883369  0.547210 
  2.897500e+00  4.224012  3.883370  3.883369  0.547210 
  2.900000e+00  4.224012  3.883370  3.883369  0.547210 
  2.902500e+00  4.224012  3.883370  3.883369  0.547210 
  2.905000e+00  4.224012  3.883370  3.883369  0.547210 
  2.907500e+00  4.224012  3.883370  3.883369  0.547210 
  2.910000e+00  4.224012  3.883370  3.883369  0.547210 
  2.912500e+00  4.224012  3.883370  3.883369  0.547210 
  2.915000e+00  4.224012  3.883370  3.883369  0.547210 
  2.917500e+00  4.224012  3.883370  3.883369  0.547210 
  2.920000e+00  4.224012  3.883370  3.883369  0.547210 
  2.922500e+00  4.224012  3.883370  3.883369  0.547210 
  2.925000e+00  4.224012  3.883370  3.883369  0.547210 
  2.927500e+00  4.224012  3.883370  3.883369  0.547210 
  2.930000e+00  4.224012  3.883370  3.883369  0.547210 
  2.932500e+00  4.224012  3.883370  3.883369  0.547210 
  2.935000e+00  4.224012  3.883370  3.883369  0.547210 
  2.937500e+00  4.224012  3.883370  3.883369  0.547210 
  2.940000e+00  4.224012  3.883370  3.883369  0.547210 
  2.942500e+00  4.224012  3.883370  3.883369  0.547210 
  2.945000e+00  4.224012  3.883370  3.883369  0.547210 
  2.947500e+00  4.224012  3.883370  3.883369  0.547210 
  2.950000e+00  4.224012  3.883370  3.883369  0.547210 
  2.952500e+00  4.224012  3.883370  3.883369  0.547210 
  2.955000e+00  4.224012  3.883370  3.883369  0.547210 
  2.957500e+00  4.224012  3.883370  3.883369  0.547210 
  2.960000e+00  4.224012  3.883370  3.883369  0.547210 
  2.962500e+00  4.224012  3.883370  3.883369  0.547210 
  2.965000e+00  4.224012  3.883370  3.883369  0.547210 
  2.967500e+00  4.224012  3.883370  3.883369  0.547210 
  2.970000e+00  4.224012  3.883370  3.883369  0.547210 
  2.972500e+00  4.224012  3.883370  3.883369  0.547210 
  2.975000e+00  4.224012  3.883370  3.883369  0.547210 
  2.977500e+00  4.224012  3.883370  3.883369  0.547210 
  2.980000e+00  4.224012  3.883370  3.883369  0.547210 
  2.982500e+00  4.224012  3.883370  3.883369  0.547210 
  2.985000e+00  4.224012  3.883370  3.883369  0.547210 
  2.987500e+00  4.224012  3.883370  3.883369  0.547210 
  2.990000e+00  4.224012  3.883370  3.883369  0.547210 
  2.992500e+00  4.224012  3.883370  3.883369  0.547210 
  2.995000e+00  4.224012  3.883370  3.883369  0.547210 
  2.997500e+00  4.224012  3.883370  3.883369  0.547210 
  3.000000e+00  4.224012  3.883370  3.883369  0.547210 
  3.002500e+00  4.224012  3.883370  3.883369  0.547210 
  3.005000e+00  4.224012  3.883370  3.883369  0.547210 
  3.007500e+00  4.224012  3.883370  3.883369  0.547210 
  3.010000e+00  4.224012  3.883370  3.883369  0.547210 
  3.012500e+00  4.224012  3.883370  3.883369  0.547210 
  3.015000e+00  4.224012  3.883370  3.883369  0.547210 
  3.017500e+00  4.224012  3.883370  3.883369  0.547210 
  3.020000e+00  4.224012  3.883370  3.883369  0.547210 
  3.022500e+00  4.224012  3.883370  3.883369  0.547210 
  3.025000e+00  4.224012  3.883370  3.883369  0.547210 
  3.027500e+00  4.224012  3.883369  3.883369  0.547210 
  3.030000e+00  4.224012  3.883369  3.883369  0.547210 
  3.032500e+00  4.224012  3.883369  3.883369  0.547210 
  3.035000e+00  4.224012  3.883369  3.883369  0.547210 
  3.037500e+00  4.224012  3.883369  3.883369  0.547210 
  3.040000e+00  4.224012  3.883369  3.883369  0.547210 
  3.042500e+00  4.224012  3.883369  3.883369  0.547210 
  3.045000e+00  4.224012  3.883369  3.883369  0.547210 
  3.047500e+00  4.224012  3.883369  3.883369  0.547210 
  3.050000e+00  4.224012  3.883369  3.883369  0.547210 
  3.052500e+00  4.224012  3.883369  3.883369  0.547210 
  3.055000e+00  4.224012  3.883369  3.883369  0.547210 
  3.057500e+00  4.224012  3.883369  3.883369  0.547210 
  3.060000e+00  4.224012  3.883369  3.883369  0.547210 
  3.062500e+00  4.224012  3.883369  3.883369  0.547210 
  3.065000e+00  4.224012  3.883369  3.883369  0.547210 
  3.067500e+00  4.224012  3.883369  3.883369  0.547210 
  3.070000e+00  4.224012  3.883369  3.883369  0.547210 
  3.072500e+00  4.224012  3.883369  3.883369  0.547210 
  3.075000e+00  4.224012  3.883369  3.883369  0.547210 
  3.077500e+00  4.224012  3.883369  3.883369  0.547210 
  3.080000e+00  4.224012  3.883369  3.883369  0.547210 
  3.082500e+00  4.224012  3.883369  3.883369  0.547210 
  3.085000e+00  4.224012  3.883369  3.883369  0.547210 
  3.087500e+00  4.224012  3.883369  3.883369  0.547210 
  3.090000e+00  4.224012  3.883369  3.883369  0.547210 
  3.092500e+00  4.224012  3.883369  3.883369  0.547210 
  3.095000e+00  4.224012  3.883369  3.883369  0.547210 
  3.097500e+00  4.224012  3.883369  3.883369  0.547210 
  3.100000e+00  4.224012  3.883369  3.883369  0.547210 
  3.102500e+00  4.224011  3.883369  3.883369  0.547210 
  3.105000e+00  4.224011  3.883369  3.883369  0.547210 
  3.107500e+00  4.224011  3.883369  3.883369  0.547210 
  3.110000e+00  4.224011  3.883369  3.883369  0.547210 
  3.112500e+00  4.224011  3.883369  3.883369  0.547210 
  3.115000e+00  4.224011  3.883369  3.883369  0.547210 
  3.117500e+00  4.224011  3.883369  3.883369  0.547210 
  3.120000e+00  4.224011  3.883369  3.883369  0.547210 
  3.122500e+00  4.224011  3.883369  3.883369  0.547210 
  3.125000e+00  4.224011  3.883369  3.883369  0.547210 
  3.127500e+00  4.224011  3.883369  3.883369  0.547210 
  3.130000e+00  4.224011  3.883369  3.883369  0.547210 
  3.132500e+00  4.224011  3.883369  3.883369  0.547210 
  3.135000e+00  4.224011  3.883369  3.883369  0.547210 
  3.137500e+00  4.224011  3.883369  3.883369  0.547210 
  3.140000e+00  4.224011  3.883369  3.883369  0.547210 
  3.142500e+00  4.224011  3.883369  3.883369  0.547210 
  3.145000e+00  4.224011  3.883369  3.883369  0.547210 
  3.147500e+00  4.224011  3.883369  3.883369  0.547210 
  3.150000e+00  4.224011  3.883369  3.883369  0.547210 
  3.152500e+00  4.224011  3.883369  3.883369  0.547210 
  3.155000e+00  4.224011  3.883369  3.883369  0.547210 
  3.157500e+00  4.224011  3.883369  3.883369  0.547210 
  3.160000e+00  4.224011  3.883369  3.883369  0.547210 
  3.162500e+00  4.224011  3.883369  3.883369  0.547210 
  3.165000e+00  4.224011  3.883369  3.883369  0.547210 
  3.167500e+00  4.224011  3.883369  3.883369  0.547210 
  3.170000e+00  4.224011  3.883369  3.883369  0.547210 
  3.172500e+00  4.224011  3.883369  3.883369  0.547210 
  3.175000e+00  4.224011  3.883369  3.883369  0.547210 
  3.177500e+00  4.224011  3.883369  3.883369  0.547210 
  3.180000e+00  4.224011  3.883369  3.883369  0.547210 
  3.182500e+00  4.224011  3.883369  3.883369  0.547210 
  3.185000e+00  4.224011  3.883369  3.883369  0.547210 
  3.187500e+00  4.224011  3.883369  3.883369  0.547210 
  3.190000e+00  4.224011  3.883369  3.883369  0.547210 
  3.192500e+00  4.224011  3.883369  3.883369  0.547210 
  3.195000e+00  4.224011  3.883369  3.883369  0.547210 
  3.197500e+00  4.224011  3.883369  3.883369  0.547210 
  3.200000e+00  4.224011  3.883369  3.883369  0.547210 
  3.202500e+00  4.224011  3.883369  3.883369  0.547210 
  3.205000e+00  4.224011  3.883369  3.883369  0.547210 
  3.207500e+00  4.224011  3.883369  3.883369  0.547210 
  3.210000e+00  4.224011  3.883369  3.883369  0.547210 
  3.212500e+00  4.224011  3.883369  3.883369  0.547210 
  3.215000e+00  4.224011  3.883369  3.883369  0.547210 
  3.217500e+00  4.224011  3.883369  3.883369  0.547210 
  3.220000e+00  4.224011  3.883369  3.883369  0.547210 
  3.222500e+00  4.224011  3.883369  3.883369  0.547210 
  3.225000e+00  4.224011  3.883369  3.883369  0.547210 
  3.227500e+00  4.224011  3.883369  3.883369  0.547210 
  3.230000e+00  4.224011  3.883369  3.883369  0.547210 
  3.232500e+00  4.224011  3.883369  3.883369  0.547210 
  3.235000e+00  4.224011  3.883369  3.883369  0.547210 
  3.237500e+00  4.224011  3.883369  3.883369  0.547210 
  3.240000e+00  4.224011  3.883369  3.883369  0.547210 
  3.242500e+00  4.224011  3.883369  3.883369  0.547210 
  3.245000e+00  4.224011  3.883369  3.883369  0.547210 
  3.247500e+00  4.224011  3.883369  3.883369  0.547210 
  3.250000e+00  4.224011  3.883369  3.883369  0.547210 
  3.252500e+00  4.224011  3.883369  3.883369  0.547210 
  3.255000e+00  4.224011  3.883369  3.883369  0.547210 
  3.257500e+00  4.224011  3.883369  3.883369  0.547210 
  3.260000e+00  4.224011  3.883369  3.883369  0.547210 
  3.262500e+00  4.224011  3.883369  3.883369  0.547210 
  3.265000e+00  4.224011  3.883369  3.883369  0.547210 
  3.267500e+00  4.224011  3.883369  3.883369  0.547210 
  3.270000e+00  4.224011  3.883369  3.883369  0.547210 
  3.272500e+00  4.224011  3.883369  3.883369  0.547210 
  3.275000e+00  4.224011  3.883369  3.883369  0.547210 
  3.277500e+00  4.224011  3.883369  3.883369  0.547210 
  3.280000e+00  4.224011  3.883369  3.883369  0.547210 
  3.282500e+00  4.224011  3.883369  3.883369  0.547210 
  3.285000e+00  4.224011  3.883369  3.883369  0.547210 
  3.287500e+00  4.224011  3.883369  3.883369  0.547210 
  3.290000e+00  4.224011  3.883369  3.883369  0.547210 
  3.292500e+00  4.224011  3.883369  3.883369  0.547210 
  3.295000e+00  4.224011  3.883369  3.883369  0.547210 
  3.297500e+00  4.224011  3.883369  3.883369  0.547210 
  3.300000e+00  4.224011  3.883369  3.883369  0.547210 
  3.302500e+00  4.224011  3.883369  3.883369  0.547210 
  3.305000e+00  4.224011  3.883369  3.883369  0.547210 
  3.307500e+00  4.224011  3.883369  3.883369  0.547210 
  3.310000e+00  4.224011  3.883369  3.883369  0.547210 
  3.312500e+00  4.224011  3.883369  3.883369  0.547210 
  3.315000e+00  4.224011  3.883369  3.883369  0.547210 
  3.317500e+00  4.224011  3.883369  3.883369  0.547210 
  3.320000e+00  4.224011  3.883369  3.883369  0.547210 
  3.322500e+00  4.224011  3.883369  3.883369  0.547210 
  3.325000e+00  4.224011  3.883369  3.883369  0.547210 
  3.327500e+00  4.224011  3.883369  3.883369  0.547210 
  3.330000e+00  4.224011  3.883369  3.883369  0.547210 
  3.332500e+00  4.224011  3.883369  3.883369  0.547210 
  3.335000e+00  4.224011  3.883369  3.883369  0.547210 
  3.337500e+00  4.224011  3.883369  3.883369  0.547210 
  3.340000e+00  4.224011  3.883369  3.883369  0.547210 
  3.342500e+00  4.224011  3.883369  3.883369  0.547210 
  3.345000e+00  4.224011  3.883369  3.883369  0.547210 
  3.347500e+00  4.224011  3.883369  3.883369  0.547210 
  3.350000e+00  4.224011  3.883369  3.883369  0.547210 
  3.352500e+00  4.224011  3.883369  3.883369  0.547210 
  3.355000e+00  4.224011  3.883369  3.883369  0.547210 
  3.357500e+00  4.224011  3.883369  3.883369  0.547210 
  3.360000e+00  4.224011  3.883369  3.883369  0.547210 
  3.362500e+00  4.224011  3.883369  3.883369  0.547210 
  3.365000e+00  4.224011  3.883369  3.883369  0.547210 
  3.367500e+00  4.224011  3.883369  3.883369  0.547210 
  3.370000e+00  4.224011  3.883369  3.883369  0.547210 
  3.372500e+00  4.224011  3.883369  3.883369  0.547210 
  3.375000e+00  4.224011  3.883369  3.883369  0.547210 
  3.377500e+00  4.224011  3.883369  3.883369  0.547210 
  3.380000e+00  4.224011  3.883369  3.883369  0.547210 
  3.382500e+00  4.224011  3.883369  3.883369  0.547210 
  3.385000e+00  4.224011  3.883369  3.883369  0.547210 
  3.387500e+00  4.224011  3.883369  3.883369  0.547210 
  3.390000e+00  4.224011  3.883369  3.883369  0.547210 
  3.392500e+00  4.224011  3.883369  3.883369  0.547210 
  3.395000e+00  4.224011  3.883369  3.883369  0.547210 
  3.397500e+00  4.224011  3.883369  3.883369  0.547210 
  3.400000e+00  4.224011  3.883369  3.883369  0.547210 
  3.402500e+00  4.224011  3.883369  3.883369  0.547210 
  3.405000e+00  4.224011  3.883369  3.883369  0.547210 
  3.407500e+00  4.224011  3.883369  3.883369  0.547210 
  3.410000e+00  4.224011  3.883369  3.883369  0.547210 
  3.412500e+00  4.224011  3.883369  3.883369  0.547210 
  3.415000e+00  4.224011  3.883369  3.883369  0.547210 
  3.417500e+00  4.224011  3.883369  3.883369  0.547210 
  3.420000e+00  4.224011  3.883369  3.883369  0.547210 
  3.422500e+00  4.224011  3.883369  3.883369  0.547210 
  3.425000e+00  4.224011  3.883369  3.883369  0.547210 
  3.427500e+00  4.224011  3.883369  3.883369  0.547210 
  3.430000e+00  4.224011  3.883369  3.883369  0.547210 
  3.432500e+00  4.224011  3.883369  3.883369  0.547210 
  3.435000e+00  4.224011  3.883369  3.883369  0.547210 
  3.437500e+00  4.224011  3.883369  3.883369  0.547210 
  3.440000e+00  4.224011  3.883369  3.883369  0.547210 
  3.442500e+00  4.224011  3.883369  3.883369  0.547210 
  3.445000e+00  4.224011  3.883369  3.883369  0.547210 
  3.447500e+00  4.224011  3.883369  3.883369  0.547210 
  3.450000e+00  4.224011  3.883369  3.883369  0.547210 
  3.452500e+00  4.224011  3.883369  3.883369  0.547210 
  3.455000e+00  4.224011  3.883369  3.883369  0.547210 
  3.457500e+00  4.224011  3.883369  3.883369  0.547210 
  3.460000e+00  4.224011  3.883369  3.883369  0.547210 
  3.462500e+00  4.224011  3.883369  3.883369  0.547210 
  3.465000e+00  4.224011  3.883369  3.883369  0.547210 
  3.467500e+00  4.224011  3.883369  3.883369  0.547210 
  3.470000e+00  4.224011  3.883369  3.883369  0.547210 
  3.472500e+00  4.224011  3.883369  3.883369  0.547210 
  3.475000e+00  4.224011  3.883369  3.883369  0.547210 
  3.477500e+00  4.224011  3.883369  3.883369  0.547210 
  3.480000e+00  4.224011  3.883369  3.883369  0.547210 
  3.482500e+00  4.224011  3.883369  3.883369  0.547210 
  3.485000e+00  4.224011  3.883369  3.883369  0.547210 
  3.487500e+00  4.224011  3.883369  3.883369  0.547210 
  3.490000e+00  4.224011  3.883369  3.883369  0.547210 
  3.492500e+00  4.224011  3.883369  3.883369  0.547210 
  3.495000e+00  4.224011  3.883369  3.883369  0.547210 
  3.497500e+00  4.224011  3.883369  3.883369  0.547210 
  3.500000e+00  4.224011  3.883369  3.883369  0.547210 
  3.502500e+00  4.224011  3.883369  3.883369  0.547210 
  3.505000e+00  4.224011  3.883369  3.883369  0.547210 
  3.507500e+00  4.224011  3.883369  3.883369  0.547210 
  3.510000e+00  4.224011  3.883369  3.883369  0.547210 
  3.512500e+00  4.224011  3.883369  3.883369  0.547210 
  3.515000e+00  4.224011  3.883369  3.883369  0.547210 
  3.517500e+00  4.224011  3.883369  3.883369  0.547210 
  3.520000e+00  4.224011  3.883369  3.883369  0.547210 
  3.522500e+00  4.224011  3.883369  3.883369  0.547210 
  3.525000e+00  4.224011  3.883369  3.883369  0.547210 
  3.527500e+00  4.224011  3.883369  3.883369  0.547210 
  3.530000e+00  4.224011  3.883369  3.883369  0.547210 
  3.532500e+00  4.224011  3.883369  3.883369  0.547210 
  3.535000e+00  4.224011  3.883369  3.883369  0.547210 
  3.537500e+00  4.224011  3.883369  3.883369  0.547210 
  3.540000e+00  4.224011  3.883369  3.883369  0.547210 
  3.542500e+00  4.224011  3.883369  3.883369  0.547210 
  3.545000e+00  4.224011  3.883369  3.883369  0.547210 
  3.547500e+00  4.224011  3.883369  3.883369  0.547210 
  3.550000e+00  4.224011  3.883369  3.883369  0.547210 
  3.552500e+00  4.224011  3.883369  3.883369  0.547210 
  3.555000e+00  4.224011  3.883369  3.883369  0.547210 
  3.557500e+00  4.224011  3.883369  3.883369  0.547210 
  3.560000e+00  4.224011  3.883369  3.883369  0.547210 
  3.562500e+00  4.224011  3.883369  3.883369  0.547210 
  3.565000e+00  4.224011  3.883369  3.883369  0.547210 
  3.567500e+00  4.224011  3.883369  3.883369  0.547210 
  3.570000e+00  4.224011  3.883369  3.883369  0.547210 
  3.572500e+00  4.224011  3.883369  3.883369  0.547210 
  3.575000e+00  4.224011  3.883369  3.883369  0.547210 
  3.577500e+00  4.224011  3.883369  3.883369  0.547210 
  3.580000e+00  4.224011  3.883369  3.883369  0.547210 
  3.582500e+00  4.224011  3.883369  3.883369  0.547210 
  3.585000e+00  4.224011  3.883369  3.883369  0.547210 
  3.587500e+00  4.224011  3.883369  3.883369  0.547210 
  3.590000e+00  4.224011  3.883369  3.883369  0.547210 
  3.592500e+00  4.224011  3.883369  3.883369  0.547210 
  3.595000e+00  4.224011  3.883369  3.883369  0.547210 
  3.597500e+00  4.224011  3.883369  3.883369  0.547210 
  3.600000e+00  4.224011  3.883369  3.883369  0.547210 
  3.602500e+00  4.224011  3.883369  3.883369  0.547210 
  3.605000e+00  4.224011  3.883369  3.883369  0.547210 
  3.607500e+00  4.224011  3.883369  3.883369  0.547210 
  3.610000e+00  4.224011  3.883369  3.883369  0.547210 
  3.612500e+00  4.224011  3.883369  3.883369  0.547210 
  3.615000e+00  4.224011  3.883369  3.883369  0.547210 
  3.617500e+00  4.224011  3.883369  3.883369  0.547210 
  3.620000e+00  4.224011  3.883369  3.883369  0.547210 
  3.622500e+00  4.224011  3.883369  3.883369  0.547210 
  3.625000e+00  4.224011  3.883369  3.883369  0.547210 
  3.627500e+00  4.224011  3.883369  3.883369  0.547210 
  3.630000e+00  4.224011  3.883369  3.883369  0.547210 
  3.632500e+00  4.224011  3.883369  3.883369  0.547210 
  3.635000e+00  4.224011  3.883369  3.883369  0.547210 
  3.637500e+00  4.224011  3.883369  3.883369  0.547210 
  3.640000e+00  4.224011  3.883369  3.883369  0.547210 
  3.642500e+00  4.224011  3.883369  3.883369  0.547210 
  3.645000e+00  4.224011  3.883369  3.883369  0.547210 
  3.647500e+00  4.224011  3.883369  3.883369  0.547210 
  3.650000e+00  4.224011  3.883369  3.883369  0.547210 
  3.652500e+00  4.224011  3.883369  3.883369  0.547210 
  3.655000e+00  4.224011  3.883369  3.883369  0.547210 
  3.657500e+00  4.224011  3.883369  3.883369  0.547210 
  3.660000e+00  4.224011  3.883369  3.883369  0.547210 
  3.662500e+00  4.224011  3.883369  3.883369  0.547210 
  3.665000e+00  4.224011  3.883369  3.883369  0.547210 
  3.667500e+00  4.224011  3.883369  3.883369  0.547210 
  3.670000e+00  4.224011  3.883369  3.883369  0.547210 
  3.672500e+00  4.224011  3.883369  3.883369  0.547210 
  3.675000e+00  4.224011  3.883369  3.883369  0.547210 
  3.677500e+00  4.224011  3.883369  3.883369  0.547210 
  3.680000e+00  4.224011  3.883369  3.883369  0.547210 
  3.682500e+00  4.224011  3.883369  3.883369  0.547210 
  3.685000e+00  4.224011  3.883369  3.883369  0.547210 
  3.687500e+00  4.224011  3.883369  3.883369  0.547210 
  3.690000e+00  4.224011  3.883369  3.883369  0.547210 
  3.692500e+00  4.224011  3.883369  3.883369  0.547210 
  3.695000e+00  4.224011  3.883369  3.883369  0.547210 
  3.697500e+00  4.224011  3.883369  3.883369  0.547210 
  3.700000e+00  4.224011  3.883369  3.883369  0.547210 
  3.702500e+00  4.224011  3.883369  3.883369  0.547210 
  3.705000e+00  4.224011  3.883369  3.883369  0.547210 
  3.707500e+00  4.224011  3.883369  3.883369  0.547210 
  3.710000e+00  4.224011  3.883369  3.883369  0.547210 
  3.712500e+00  4.224011  3.883369  3.883369  0.547210 
  3.715000e+00  4.224011  3.883369  3.883369  0.547210 
  3.717500e+00  4.224011  3.883369  3.883369  0.547210 
  3.720000e+00  4.224011  3.883369  3.883369  0.547210 
  3.722500e+00  4.224011  3.883369  3.883369  0.547210 
  3.725000e+00  4.224011  3.883369  3.883369  0.547210 
  3.727500e+00  4.224011  3.883369  3.883369  0.547210 
  3.730000e+00  4.224011  3.883369  3.883369  0.547210 
  3.732500e+00  4.224011  3.883369  3.883369  0.547210 
  3.735000e+00  4.224011  3.883369  3.883369  0.547210 
  3.737500e+00  4.224011  3.883369  3.883369  0.547210 
  3.740000e+00  4.224011  3.883369  3.883369  0.547210 
  3.742500e+00  4.224011  3.883369  3.883369  0.547210 
  3.745000e+00  4.224011  3.883369  3.883369  0.547210 
  3.747500e+00  4.224011  3.883369  3.883369  0.547210 
  3.750000e+00  4.224011  3.883369  3.883369  0.547210 
  3.752500e+00  4.224011  3.883369  3.883369  0.547210 
  3.755000e+00  4.224011  3.883369  3.883369  0.547210 
  3.757500e+00  4.224011  3.883369  3.883369  0.547210 
  3.760000e+00  4.224011  3.883369  3.883369  0.547210 
  3.762500e+00  4.224011  3.883369  3.883369  0.547210 
  3.765000e+00  4.224011  3.883369  3.883369  0.547210 
  3.767500e+00  4.224011  3.883369  3.883369  0.547210 
  3.770000e+00  4.224011  3.883369  3.883369  0.547210 
  3.772500e+00  4.224011  3.883369  3.883369  0.547210 
  3.775000e+00  4.224011  3.883369  3.883369  0.547210 
  3.777500e+00  4.224011  3.883369  3.883369  0.547210 
  3.780000e+00  4.224011  3.883369  3.883369  0.547210 
  3.782500e+00  4.224011  3.883369  3.883369  0.547210 
  3.785000e+00  4.224011  3.883369  3.883369  0.547210 
  3.787500e+00  4.224011  3.883369  3.883369  0.547210 
  3.790000e+00  4.224011  3.883369  3.883369  0.547210 
  3.792500e+00  4.224011  3.883369  3.883369  0.547210 
  3.795000e+00  4.224011  3.883369  3.883369  0.547210 
  3.797500e+00  4.224011  3.883369  3.883369  0.547210 
  3.800000e+00  4.224011  3.883369  3.883369  0.547210 
  3.802500e+00  4.224011  3.883369  3.883369  0.547210 
  3.805000e+00  4.224011  3.883369  3.883369  0.547210 
  3.807500e+00  4.224011  3.883369  3.883369  0.547210 
  3.810000e+00  4.224011  3.883369  3.883369  0.547210 
  3.812500e+00  4.224011  3.883369  3.883369  0.547210 
  3.815000e+00  4.224011  3.883369  3.883369  0.547210 
  3.817500e+00  4.224011  3.883369  3.883369  0.547210 
  3.820000e+00  4.224011  3.883369  3.883369  0.547210 
  3.822500e+00  4.224011  3.883369  3.883369  0.547210 
  3.825000e+00  4.224011  3.883369  3.883369  0.547210 
  3.827500e+00  4.224011  3.883369  3.883369  0.547210 
  3.830000e+00  4.224011  3.883369  3.883369  0.547210 
  3.832500e+00  4.224011  3.883369  3.883369  0.547210 
  3.835000e+00  4.224011  3.883369  3.883369  0.547210 
  3.837500e+00  4.224011  3.883369  3.883369  0.547210 
  3.840000e+00  4.224011  3.883369  3.883369  0.547210 
  3.842500e+00  4.224011  3.883369  3.883369  0.547210 
  3.845000e+00  4.224011  3.883369  3.883369  0.547210 
  3.847500e+00  4.224011  3.883369  3.883369  0.547210 
  3.850000e+00  4.224011  3.883369  3.883369  0.547210 
  3.852500e+00  4.224011  3.883369  3.883369  0.547210 
  3.855000e+00  4.224011  3.883369  3.883369  0.547210 
  3.857500e+00  4.224011  3.883369  3.883369  0.547210 
  3.860000e+00  4.224011  3.883369  3.883369  0.547210 
  3.862500e+00  4.224011  3.883369  3.883369  0.547210 
  3.865000e+00  4.224011  3.883369  3.883369  0.547210 
  3.867500e+00  4.224011  3.883369  3.883369  0.547210 
  3.870000e+00  4.224011  3.883369  3.883369  0.547210 
  3.872500e+00  4.224011  3.883369  3.883369  0.547210 
  3.875000e+00  4.224011  3.883369  3.883369  0.547210 
  3.877500e+00  4.224011  3.883369  3.883369  0.547210 
  3.880000e+00  4.224011  3.883369  3.883369  0.547210 
  3.882500e+00  4.224011  3.883369  3.883369  0.547210 
  3.885000e+00  4.224011  3.883369  3.883369  0.547210 
  3.887500e+00  4.224011  3.883369  3.883369  0.547210 
  3.890000e+00  4.224011  3.883369  3.883369  0.547210 
  3.892500e+00  4.224011  3.883369  3.883369  0.547210 
  3.895000e+00  4.224011  3.883369  3.883369  0.547210 
  3.897500e+00  4.224011  3.883369  3.883369  0.547210 
  3.900000e+00  4.224011  3.883369  3.883369  0.547210 
  3.902500e+00  4.224011  3.883369  3.883369  0.547210 
  3.905000e+00  4.224011  3.883369  3.883369  0.547210 
  3.907500e+00  4.224011  3.883369  3.883369  0.547210 
  3.910000e+00  4.224011  3.883369  3.883369  0.547210 
  3.912500e+00  4.224011  3.883369  3.883369  0.547210 
  3.915000e+00  4.224011  3.883369  3.883369  0.547210 
  3.917500e+00  4.224011  3.883369  3.883369  0.547210 
  3.920000e+00  4.224011  3.883369  3.883369  0.547210 
  3.922500e+00  4.224011  3.883369  3.883369  0.547210 
  3.925000e+00  4.224011  3.883369  3.883369  0.547210 
  3.927500e+00  4.224011  3.883369  3.883369  0.547210 
  3.930000e+00  4.224011  3.883369  3.883369  0.547210 
  3.932500e+00  4.224011  3.883369  3.883369  0.547210 
  3.935000e+00  4.224011  3.883369  3.883369  0.547210 
  3.937500e+00  4.224011  3.883369  3.883369  0.547210 
  3.940000e+00  4.224011  3.883369  3.883369  0.547210 
  3.942500e+00  4.224011  3.883369  3.883369  0.547210 
  3.945000e+00  4.224011  3.883369  3.883369  0.547210 
  3.947500e+00  4.224011  3.883369  3.883369  0.547210 
  3.950000e+00  4.224011  3.883369  3.883369  0.547210 
  3.952500e+00  4.224011  3.883369  3.883369  0.547210 
  3.955000e+00  4.224011  3.883369  3.883369  0.547210 
  3.957500e+00  4.224011  3.883369  3.883369  0.547210 
  3.960000e+00  4.224011  3.883369  3.883369  0.547210 
  3.962500e+00  4.224011  3.883369  3.883369  0.547210 
  3.965000e+00  4.224011  3.883369  3.883369  0.547210 
  3.967500e+00  4.224011  3.883369  3.883369  0.547210 
  3.970000e+00  4.224011  3.883369  3.883369  0.547210 
  3.972500e+00  4.224011  3.883369  3.883369  0.547210 
  3.975000e+00  4.224011  3.883369  3.883369  0.547210 
  3.977500e+00  4.224011  3.883369  3.883369  0.547210 
  3.980000e+00  4.224011  3.883369  3.883369  0.547210 
  3.982500e+00  4.224011  3.883369  3.883369  0.547210 
  3.985000e+00  4.224011  3.883369  3.883369  0.547210 
  3.987500e+00  4.224011  3.883369  3.883369  0.547210 
  3.990000e+00  4.224011  3.883369  3.883369  0.547210 
  3.992500e+00  4.224011  3.883369  3.883369  0.547210 
  3.995000e+00  4.224011  3.883369  3.883369  0.547210 
  3.997500e+00  4.224011  3.883369  3.883369  0.547210 
  4.000000e+00  4.224011  3.883369  3.883369  0.547210 
