  0.000000e+00  5.08588992 9.26697335 
  5.000000e-03  5.08588992 9.26865904 
  1.000000e-02  5.08588992 9.26957182 
  1.500000e-02  5.08588992 9.27020704 
  2.000000e-02  5.08588992 9.27075176 
  2.500000e-02  5.08588992 9.27117744 
  3.000000e-02  5.08588992 9.27149260 
  3.500000e-02  5.08588992 9.27180929 
  4.000000e-02  5.08588992 9.27211812 
  4.500000e-02  5.08588992 9.27236776 
  5.000000e-02  5.08588992 9.27255814 
  5.500000e-02  5.08588992 9.27270456 
  6.000000e-02  5.08588992 9.27282045 
  6.500000e-02  5.08588992 9.27291664 
  7.000000e-02  5.08588992 9.27300101 
  7.500000e-02  5.08588992 9.27307801 
  8.000000e-02  5.08588992 9.27314922 
  8.500000e-02  5.08588992 9.27321449 
  9.000000e-02  5.08588992 9.27327299 
  9.500000e-02  5.08588992 9.27332403 
  1.000000e-01  5.08588992 9.27336762 
  1.050000e-01  5.08588992 9.27340453 
  1.100000e-01  5.08588992 9.27343594 
  1.150000e-01  5.08588992 9.27346290 
  1.200000e-01  5.08588992 9.27348604 
  1.250000e-01  5.08588992 9.27350566 
  1.300000e-01  5.08588992 9.27352205 
  1.350000e-01  5.08588992 9.27353570 
  1.400000e-01  5.08588992 9.27354735 
  1.450000e-01  5.08588992 9.27355781 
  1.500000e-01  5.08588992 9.27356782 
  1.550000e-01  5.08588992 9.27357778 
  1.600000e-01  5.08588992 9.27358781 
  1.650000e-01  5.08588992 9.27359774 
  1.700000e-01  5.08588992 9.27360727 
  1.750000e-01  5.08588992 9.27361613 
  1.800000e-01  5.08588992 9.27362409 
  1.850000e-01  5.08588992 9.27363107 
  1.900000e-01  5.08588992 9.27363711 
  1.950000e-01  5.08588992 9.27364236 
  2.000000e-01  5.08588992 9.27364703 
  2.050000e-01  5.08588992 9.27365135 
  2.100000e-01  5.08588992 9.27365548 
  2.150000e-01  5.08588992 9.27365953 
  2.200000e-01  5.08588992 9.27366355 
  2.250000e-01  5.08588992 9.27366749 
  2.300000e-01  5.08588992 9.27367126 
  2.350000e-01  5.08588992 9.27367475 
  2.400000e-01  5.08588992 9.27367785 
  2.450000e-01  5.08588992 9.27368047 
  2.500000e-01  5.08588992 9.27368261 
  2.550000e-01  5.08588992 9.27368429 
  2.600000e-01  5.08588992 9.27368560 
  2.650000e-01  5.08588992 9.27368667 
  2.700000e-01  5.08588992 9.27368763 
  2.750000e-01  5.08588992 9.27368860 
  2.800000e-01  5.08588992 9.27368965 
  2.850000e-01  5.08588992 9.27369081 
  2.900000e-01  5.08588992 9.27369208 
  2.950000e-01  5.08588992 9.27369342 
  3.000000e-01  5.08588992 9.27369479 
  3.050000e-01  5.08588992 9.27369614 
  3.100000e-01  5.08588992 9.27369742 
  3.150000e-01  5.08588992 9.27369862 
  3.200000e-01  5.08588992 9.27369972 
  3.250000e-01  5.08588992 9.27370072 
  3.300000e-01  5.08588992 9.27370161 
  3.350000e-01  5.08588992 9.27370242 
  3.400000e-01  5.08588992 9.27370315 
  3.450000e-01  5.08588992 9.27370380 
  3.500000e-01  5.08588992 9.27370440 
  3.550000e-01  5.08588992 9.27370494 
  3.600000e-01  5.08588992 9.27370544 
  3.650000e-01  5.08588992 9.27370590 
  3.700000e-01  5.08588992 9.27370632 
  3.750000e-01  5.08588992 9.27370671 
  3.800000e-01  5.08588992 9.27370708 
  3.850000e-01  5.08588992 9.27370742 
  3.900000e-01  5.08588992 9.27370774 
  3.950000e-01  5.08588992 9.27370805 
  4.000000e-01  5.08588992 9.27370835 
  4.050000e-01  5.08588992 9.27370865 
  4.100000e-01  5.08588992 9.27370895 
  4.150000e-01  5.08588992 9.27370926 
  4.200000e-01  5.08588992 9.27370957 
  4.250000e-01  5.08588992 9.27370988 
  4.300000e-01  5.08588992 9.27371019 
  4.350000e-01  5.08588992 9.27371049 
  4.400000e-01  5.08588992 9.27371078 
  4.450000e-01  5.08588992 9.27371105 
  4.500000e-01  5.08588992 9.27371130 
  4.550000e-01  5.08588992 9.27371153 
  4.600000e-01  5.08588992 9.27371173 
  4.650000e-01  5.08588992 9.27371191 
  4.700000e-01  5.08588992 9.27371206 
  4.750000e-01  5.08588992 9.27371220 
  4.800000e-01  5.08588992 9.27371233 
  4.850000e-01  5.08588992 9.27371244 
  4.900000e-01  5.08588992 9.27371255 
  4.950000e-01  5.08588992 9.27371265 
  5.000000e-01  5.08588992 9.27371275 
  5.050000e-01  5.08588992 9.27371284 
  5.100000e-01  5.08588992 9.27371293 
  5.150000e-01  5.08588992 9.27371301 
  5.200000e-01  5.08588992 9.27371309 
  5.250000e-01  5.08588992 9.27371316 
  5.300000e-01  5.08588992 9.27371323 
  5.350000e-01  5.08588992 9.27371329 
  5.400000e-01  5.08588992 9.27371335 
  5.450000e-01  5.08588992 9.27371340 
  5.500000e-01  5.08588992 9.27371345 
  5.550000e-01  5.08588992 9.27371349 
  5.600000e-01  5.08588992 9.27371354 
  5.650000e-01  5.08588992 9.27371358 
  5.700000e-01  5.08588992 9.27371362 
  5.750000e-01  5.08588992 9.27371365 
  5.800000e-01  5.08588992 9.27371369 
  5.850000e-01  5.08588992 9.27371373 
  5.900000e-01  5.08588992 9.27371376 
  5.950000e-01  5.08588992 9.27371380 
  6.000000e-01  5.08588992 9.27371383 
  6.050000e-01  5.08588992 9.27371386 
  6.100000e-01  5.08588992 9.27371390 
  6.150000e-01  5.08588992 9.27371394 
  6.200000e-01  5.08588992 9.27371397 
  6.250000e-01  5.08588992 9.27371401 
  6.300000e-01  5.08588992 9.27371405 
  6.350000e-01  5.08588992 9.27371409 
  6.400000e-01  5.08588992 9.27371413 
  6.450000e-01  5.08588992 9.27371416 
  6.500000e-01  5.08588992 9.27371420 
  6.550000e-01  5.08588992 9.27371424 
  6.600000e-01  5.08588992 9.27371428 
  6.650000e-01  5.08588992 9.27371431 
  6.700000e-01  5.08588992 9.27371435 
  6.750000e-01  5.08588992 9.27371438 
  6.800000e-01  5.08588992 9.27371441 
  6.850000e-01  5.08588992 9.27371445 
  6.900000e-01  5.08588992 9.27371448 
  6.950000e-01  5.08588992 9.27371451 
  7.000000e-01  5.08588992 9.27371453 
  7.050000e-01  5.08588992 9.27371456 
  7.100000e-01  5.08588992 9.27371459 
  7.150000e-01  5.08588992 9.27371461 
  7.200000e-01  5.08588992 9.27371464 
  7.250000e-01  5.08588992 9.27371466 
  7.300000e-01  5.08588992 9.27371468 
  7.350000e-01  5.08588992 9.27371470 
  7.400000e-01  5.08588992 9.27371472 
  7.450000e-01  5.08588992 9.27371474 
  7.500000e-01  5.08588992 9.27371475 
  7.550000e-01  5.08588992 9.27371477 
  7.600000e-01  5.08588992 9.27371478 
  7.650000e-01  5.08588992 9.27371480 
  7.700000e-01  5.08588992 9.27371481 
  7.750000e-01  5.08588992 9.27371482 
  7.800000e-01  5.08588992 9.27371483 
  7.850000e-01  5.08588992 9.27371484 
  7.900000e-01  5.08588992 9.27371485 
  7.950000e-01  5.08588992 9.27371486 
  8.000000e-01  5.08588992 9.27371487 
  8.050000e-01  5.08588992 9.27371488 
  8.100000e-01  5.08588992 9.27371489 
  8.150000e-01  5.08588992 9.27371489 
  8.200000e-01  5.08588992 9.27371490 
  8.250000e-01  5.08588992 9.27371491 
  8.300000e-01  5.08588992 9.27371491 
  8.350000e-01  5.08588992 9.27371492 
  8.400000e-01  5.08588992 9.27371492 
  8.450000e-01  5.08588992 9.27371493 
  8.500000e-01  5.08588992 9.27371493 
  8.550000e-01  5.08588992 9.27371493 
  8.600000e-01  5.08588992 9.27371494 
  8.650000e-01  5.08588992 9.27371494 
  8.700000e-01  5.08588992 9.27371494 
  8.750000e-01  5.08588992 9.27371494 
  8.800000e-01  5.08588992 9.27371495 
  8.850000e-01  5.08588992 9.27371495 
  8.900000e-01  5.08588992 9.27371495 
  8.950000e-01  5.08588992 9.27371495 
  9.000000e-01  5.08588992 9.27371495 
  9.050000e-01  5.08588992 9.27371496 
  9.100000e-01  5.08588992 9.27371496 
  9.150000e-01  5.08588992 9.27371496 
  9.200000e-01  5.08588992 9.27371496 
  9.250000e-01  5.08588992 9.27371496 
  9.300000e-01  5.08588992 9.27371496 
  9.350000e-01  5.08588992 9.27371496 
  9.400000e-01  5.08588992 9.27371496 
  9.450000e-01  5.08588992 9.27371496 
  9.500000e-01  5.08588992 9.27371496 
  9.550000e-01  5.08588992 9.27371496 
  9.600000e-01  5.08588992 9.27371496 
  9.650000e-01  5.08588992 9.27371496 
  9.700000e-01  5.08588992 9.27371496 
  9.750000e-01  5.08588992 9.27371496 
  9.800000e-01  5.08588992 9.27371496 
  9.850000e-01  5.08588992 9.27371496 
  9.900000e-01  5.08588992 9.27371496 
  9.950000e-01  5.08588992 9.27371496 
  1.000000e+00  5.08588992 9.27371496 
  1.005000e+00  5.08588992 9.27371496 
  1.010000e+00  5.08588992 9.27371496 
  1.015000e+00  5.08588992 9.27371496 
  1.020000e+00  5.08588992 9.27371496 
  1.025000e+00  5.08588992 9.27371496 
  1.030000e+00  5.08588992 9.27371496 
  1.035000e+00  5.08588992 9.27371496 
  1.040000e+00  5.08588992 9.27371496 
  1.045000e+00  5.08588992 9.27371495 
  1.050000e+00  5.08588992 9.27371495 
  1.055000e+00  5.08588992 9.27371495 
  1.060000e+00  5.08588992 9.27371495 
  1.065000e+00  5.08588992 9.27371495 
  1.070000e+00  5.08588992 9.27371495 
  1.075000e+00  5.08588992 9.27371495 
  1.080000e+00  5.08588992 9.27371495 
  1.085000e+00  5.08588992 9.27371495 
  1.090000e+00  5.08588992 9.27371495 
  1.095000e+00  5.08588992 9.27371495 
  1.100000e+00  5.08588992 9.27371495 
  1.105000e+00  5.08588992 9.27371495 
  1.110000e+00  5.08588992 9.27371495 
  1.115000e+00  5.08588992 9.27371495 
  1.120000e+00  5.08588992 9.27371495 
  1.125000e+00  5.08588992 9.27371495 
  1.130000e+00  5.08588992 9.27371495 
  1.135000e+00  5.08588992 9.27371495 
  1.140000e+00  5.08588992 9.27371495 
  1.145000e+00  5.08588992 9.27371495 
  1.150000e+00  5.08588992 9.27371495 
  1.155000e+00  5.08588992 9.27371495 
  1.160000e+00  5.08588992 9.27371495 
  1.165000e+00  5.08588992 9.27371495 
  1.170000e+00  5.08588992 9.27371495 
  1.175000e+00  5.08588992 9.27371495 
  1.180000e+00  5.08588992 9.27371495 
  1.185000e+00  5.08588992 9.27371495 
  1.190000e+00  5.08588992 9.27371495 
  1.195000e+00  5.08588992 9.27371495 
  1.200000e+00  5.08588992 9.27371495 
  1.205000e+00  5.08588992 9.27371495 
  1.210000e+00  5.08588992 9.27371495 
  1.215000e+00  5.08588992 9.27371495 
  1.220000e+00  5.08588992 9.27371494 
  1.225000e+00  5.08588992 9.27371494 
  1.230000e+00  5.08588992 9.27371494 
  1.235000e+00  5.08588992 9.27371494 
  1.240000e+00  5.08588992 9.27371494 
  1.245000e+00  5.08588992 9.27371494 
  1.250000e+00  5.08588992 9.27371494 
  1.255000e+00  5.08588992 9.27371494 
  1.260000e+00  5.08588992 9.27371494 
  1.265000e+00  5.08588992 9.27371494 
  1.270000e+00  5.08588992 9.27371494 
  1.275000e+00  5.08588992 9.27371494 
  1.280000e+00  5.08588992 9.27371494 
  1.285000e+00  5.08588992 9.27371494 
  1.290000e+00  5.08588992 9.27371494 
  1.295000e+00  5.08588992 9.27371494 
  1.300000e+00  5.08588992 9.27371494 
  1.305000e+00  5.08588992 9.27371494 
  1.310000e+00  5.08588992 9.27371494 
  1.315000e+00  5.08588992 9.27371494 
  1.320000e+00  5.08588992 9.27371494 
  1.325000e+00  5.08588992 9.27371494 
  1.330000e+00  5.08588992 9.27371494 
  1.335000e+00  5.08588992 9.27371494 
  1.340000e+00  5.08588992 9.27371494 
  1.345000e+00  5.08588992 9.27371494 
  1.350000e+00  5.08588992 9.27371494 
  1.355000e+00  5.08588992 9.27371494 
  1.360000e+00  5.08588992 9.27371494 
  1.365000e+00  5.08588992 9.27371494 
  1.370000e+00  5.08588992 9.27371494 
  1.375000e+00  5.08588992 9.27371494 
  1.380000e+00  5.08588992 9.27371494 
  1.385000e+00  5.08588992 9.27371494 
  1.390000e+00  5.08588992 9.27371494 
  1.395000e+00  5.08588992 9.27371494 
  1.400000e+00  5.08588992 9.27371494 
  1.405000e+00  5.08588992 9.27371494 
  1.410000e+00  5.08588992 9.27371494 
  1.415000e+00  5.08588992 9.27371494 
  1.420000e+00  5.08588992 9.27371494 
  1.425000e+00  5.08588992 9.27371494 
  1.430000e+00  5.08588992 9.27371494 
  1.435000e+00  5.08588992 9.27371494 
  1.440000e+00  5.08588992 9.27371494 
  1.445000e+00  5.08588992 9.27371494 
  1.450000e+00  5.08588992 9.27371494 
  1.455000e+00  5.08588992 9.27371494 
  1.460000e+00  5.08588992 9.27371494 
  1.465000e+00  5.08588992 9.27371494 
  1.470000e+00  5.08588992 9.27371494 
  1.475000e+00  5.08588992 9.27371494 
  1.480000e+00  5.08588992 9.27371494 
  1.485000e+00  5.08588992 9.27371494 
  1.490000e+00  5.08588992 9.27371494 
  1.495000e+00  5.08588992 9.27371494 
  1.500000e+00  5.08588992 9.27371494 
  1.505000e+00  5.08588992 9.27371494 
  1.510000e+00  5.08588992 9.27371494 
  1.515000e+00  5.08588992 9.27371494 
  1.520000e+00  5.08588992 9.27371494 
  1.525000e+00  5.08588992 9.27371494 
  1.530000e+00  5.08588992 9.27371494 
  1.535000e+00  5.08588992 9.27371494 
  1.540000e+00  5.08588992 9.27371494 
  1.545000e+00  5.08588992 9.27371494 
  1.550000e+00  5.08588992 9.27371494 
  1.555000e+00  5.08588992 9.27371494 
  1.560000e+00  5.08588992 9.27371494 
  1.565000e+00  5.08588992 9.27371494 
  1.570000e+00  5.08588992 9.27371494 
  1.575000e+00  5.08588992 9.27371494 
  1.580000e+00  5.08588992 9.27371494 
  1.585000e+00  5.08588992 9.27371494 
  1.590000e+00  5.08588992 9.27371494 
  1.595000e+00  5.08588992 9.27371494 
  1.600000e+00  5.08588992 9.27371494 
  1.605000e+00  5.08588992 9.27371494 
  1.610000e+00  5.08588992 9.27371494 
  1.615000e+00  5.08588992 9.27371495 
  1.620000e+00  5.08588992 9.27371495 
  1.625000e+00  5.08588992 9.27371495 
  1.630000e+00  5.08588992 9.27371495 
  1.635000e+00  5.08588992 9.27371495 
  1.640000e+00  5.08588992 9.27371495 
  1.645000e+00  5.08588992 9.27371495 
  1.650000e+00  5.08588992 9.27371495 
  1.655000e+00  5.08588992 9.27371495 
  1.660000e+00  5.08588992 9.27371495 
  1.665000e+00  5.08588992 9.27371495 
  1.670000e+00  5.08588992 9.27371495 
  1.675000e+00  5.08588992 9.27371495 
  1.680000e+00  5.08588992 9.27371495 
  1.685000e+00  5.08588992 9.27371495 
  1.690000e+00  5.08588992 9.27371495 
  1.695000e+00  5.08588992 9.27371495 
  1.700000e+00  5.08588992 9.27371495 
  1.705000e+00  5.08588992 9.27371495 
  1.710000e+00  5.08588992 9.27371495 
  1.715000e+00  5.08588992 9.27371495 
  1.720000e+00  5.08588992 9.27371495 
  1.725000e+00  5.08588992 9.27371495 
  1.730000e+00  5.08588992 9.27371495 
  1.735000e+00  5.08588992 9.27371495 
  1.740000e+00  5.08588992 9.27371495 
  1.745000e+00  5.08588992 9.27371495 
  1.750000e+00  5.08588992 9.27371495 
  1.755000e+00  5.08588992 9.27371495 
  1.760000e+00  5.08588992 9.27371495 
  1.765000e+00  5.08588992 9.27371495 
  1.770000e+00  5.08588992 9.27371495 
  1.775000e+00  5.08588992 9.27371495 
  1.780000e+00  5.08588992 9.27371495 
  1.785000e+00  5.08588992 9.27371495 
  1.790000e+00  5.08588992 9.27371495 
  1.795000e+00  5.08588992 9.27371495 
  1.800000e+00  5.08588992 9.27371495 
  1.805000e+00  5.08588992 9.27371495 
  1.810000e+00  5.08588992 9.27371495 
  1.815000e+00  5.08588992 9.27371495 
  1.820000e+00  5.08588992 9.27371495 
  1.825000e+00  5.08588992 9.27371495 
  1.830000e+00  5.08588992 9.27371495 
  1.835000e+00  5.08588992 9.27371495 
  1.840000e+00  5.08588992 9.27371495 
  1.845000e+00  5.08588992 9.27371495 
  1.850000e+00  5.08588992 9.27371495 
  1.855000e+00  5.08588992 9.27371495 
  1.860000e+00  5.08588992 9.27371495 
  1.865000e+00  5.08588992 9.27371495 
  1.870000e+00  5.08588992 9.27371495 
  1.875000e+00  5.08588992 9.27371495 
  1.880000e+00  5.08588992 9.27371495 
  1.885000e+00  5.08588992 9.27371495 
  1.890000e+00  5.08588992 9.27371495 
  1.895000e+00  5.08588992 9.27371495 
  1.900000e+00  5.08588992 9.27371495 
  1.905000e+00  5.08588992 9.27371495 
  1.910000e+00  5.08588992 9.27371495 
  1.915000e+00  5.08588992 9.27371495 
  1.920000e+00  5.08588992 9.27371495 
  1.925000e+00  5.08588992 9.27371495 
  1.930000e+00  5.08588992 9.27371495 
  1.935000e+00  5.08588992 9.27371495 
  1.940000e+00  5.08588992 9.27371495 
  1.945000e+00  5.08588992 9.27371495 
  1.950000e+00  5.08588992 9.27371495 
  1.955000e+00  5.08588992 9.27371495 
  1.960000e+00  5.08588992 9.27371495 
  1.965000e+00  5.08588992 9.27371495 
  1.970000e+00  5.08588992 9.27371495 
  1.975000e+00  5.08588992 9.27371495 
  1.980000e+00  5.08588992 9.27371495 
  1.985000e+00  5.08588992 9.27371495 
  1.990000e+00  5.08588992 9.27371495 
  1.995000e+00  5.08588992 9.27371495 
  2.000000e+00  5.08588992 9.27371495 
  2.005000e+00  5.08588992 9.27371495 
  2.010000e+00  5.08588992 9.27371495 
  2.015000e+00  5.08588992 9.27371495 
  2.020000e+00  5.08588992 9.27371495 
  2.025000e+00  5.08588992 9.27371495 
  2.030000e+00  5.08588992 9.27371495 
  2.035000e+00  5.08588992 9.27371495 
  2.040000e+00  5.08588992 9.27371495 
  2.045000e+00  5.08588992 9.27371495 
  2.050000e+00  5.08588992 9.27371495 
  2.055000e+00  5.08588992 9.27371495 
  2.060000e+00  5.08588992 9.27371495 
  2.065000e+00  5.08588992 9.27371495 
  2.070000e+00  5.08588992 9.27371495 
  2.075000e+00  5.08588992 9.27371495 
  2.080000e+00  5.08588992 9.27371495 
  2.085000e+00  5.08588992 9.27371495 
  2.090000e+00  5.08588992 9.27371495 
  2.095000e+00  5.08588992 9.27371495 
  2.100000e+00  5.08588992 9.27371495 
  2.105000e+00  5.08588992 9.27371495 
  2.110000e+00  5.08588992 9.27371495 
  2.115000e+00  5.08588992 9.27371495 
  2.120000e+00  5.08588992 9.27371495 
  2.125000e+00  5.08588992 9.27371495 
  2.130000e+00  5.08588992 9.27371495 
  2.135000e+00  5.08588992 9.27371495 
  2.140000e+00  5.08588992 9.27371495 
  2.145000e+00  5.08588992 9.27371495 
  2.150000e+00  5.08588992 9.27371495 
  2.155000e+00  5.08588992 9.27371495 
  2.160000e+00  5.08588992 9.27371495 
  2.165000e+00  5.08588992 9.27371495 
  2.170000e+00  5.08588992 9.27371495 
  2.175000e+00  5.08588992 9.27371495 
  2.180000e+00  5.08588992 9.27371495 
  2.185000e+00  5.08588992 9.27371495 
  2.190000e+00  5.08588992 9.27371495 
  2.195000e+00  5.08588992 9.27371495 
  2.200000e+00  5.08588992 9.27371495 
  2.205000e+00  5.08588992 9.27371495 
  2.210000e+00  5.08588992 9.27371495 
  2.215000e+00  5.08588992 9.27371495 
  2.220000e+00  5.08588992 9.27371495 
  2.225000e+00  5.08588992 9.27371495 
  2.230000e+00  5.08588992 9.27371495 
  2.235000e+00  5.08588992 9.27371495 
  2.240000e+00  5.08588992 9.27371495 
  2.245000e+00  5.08588992 9.27371495 
  2.250000e+00  5.08588992 9.27371495 
  2.255000e+00  5.08588992 9.27371495 
  2.260000e+00  5.08588992 9.27371495 
  2.265000e+00  5.08588992 9.27371495 
  2.270000e+00  5.08588992 9.27371495 
  2.275000e+00  5.08588992 9.27371495 
  2.280000e+00  5.08588992 9.27371495 
  2.285000e+00  5.08588992 9.27371495 
  2.290000e+00  5.08588992 9.27371495 
  2.295000e+00  5.08588992 9.27371495 
  2.300000e+00  5.08588992 9.27371495 
  2.305000e+00  5.08588992 9.27371495 
  2.310000e+00  5.08588992 9.27371495 
  2.315000e+00  5.08588992 9.27371495 
  2.320000e+00  5.08588992 9.27371495 
  2.325000e+00  5.08588992 9.27371495 
  2.330000e+00  5.08588992 9.27371495 
  2.335000e+00  5.08588992 9.27371495 
  2.340000e+00  5.08588992 9.27371495 
  2.345000e+00  5.08588992 9.27371495 
  2.350000e+00  5.08588992 9.27371495 
  2.355000e+00  5.08588992 9.27371495 
  2.360000e+00  5.08588992 9.27371495 
  2.365000e+00  5.08588992 9.27371495 
  2.370000e+00  5.08588992 9.27371495 
  2.375000e+00  5.08588992 9.27371495 
  2.380000e+00  5.08588992 9.27371495 
  2.385000e+00  5.08588992 9.27371495 
  2.390000e+00  5.08588992 9.27371495 
  2.395000e+00  5.08588992 9.27371495 
  2.400000e+00  5.08588992 9.27371495 
  2.405000e+00  5.08588992 9.27371495 
  2.410000e+00  5.08588992 9.27371495 
  2.415000e+00  5.08588992 9.27371495 
  2.420000e+00  5.08588992 9.27371495 
  2.425000e+00  5.08588992 9.27371495 
  2.430000e+00  5.08588992 9.27371495 
  2.435000e+00  5.08588992 9.27371495 
  2.440000e+00  5.08588992 9.27371495 
  2.445000e+00  5.08588992 9.27371495 
  2.450000e+00  5.08588992 9.27371495 
  2.455000e+00  5.08588992 9.27371495 
  2.460000e+00  5.08588992 9.27371495 
  2.465000e+00  5.08588992 9.27371495 
  2.470000e+00  5.08588992 9.27371495 
  2.475000e+00  5.08588992 9.27371495 
  2.480000e+00  5.08588992 9.27371495 
  2.485000e+00  5.08588992 9.27371495 
  2.490000e+00  5.08588992 9.27371495 
  2.495000e+00  5.08588992 9.27371495 
  2.500000e+00  5.08588992 9.27371495 
  2.505000e+00  5.08588992 9.27371495 
  2.510000e+00  5.08588992 9.27371495 
  2.515000e+00  5.08588992 9.27371495 
  2.520000e+00  5.08588992 9.27371495 
  2.525000e+00  5.08588992 9.27371495 
  2.530000e+00  5.08588992 9.27371495 
  2.535000e+00  5.08588992 9.27371495 
  2.540000e+00  5.08588992 9.27371495 
  2.545000e+00  5.08588992 9.27371495 
  2.550000e+00  5.08588992 9.27371495 
  2.555000e+00  5.08588992 9.27371495 
  2.560000e+00  5.08588992 9.27371495 
  2.565000e+00  5.08588992 9.27371495 
  2.570000e+00  5.08588992 9.27371495 
  2.575000e+00  5.08588992 9.27371495 
  2.580000e+00  5.08588992 9.27371495 
  2.585000e+00  5.08588992 9.27371495 
  2.590000e+00  5.08588992 9.27371495 
  2.595000e+00  5.08588992 9.27371495 
  2.600000e+00  5.08588992 9.27371495 
  2.605000e+00  5.08588992 9.27371495 
  2.610000e+00  5.08588992 9.27371495 
  2.615000e+00  5.08588992 9.27371495 
  2.620000e+00  5.08588992 9.27371495 
  2.625000e+00  5.08588992 9.27371495 
  2.630000e+00  5.08588992 9.27371495 
  2.635000e+00  5.08588992 9.27371495 
  2.640000e+00  5.08588992 9.27371495 
  2.645000e+00  5.08588992 9.27371495 
  2.650000e+00  5.08588992 9.27371495 
  2.655000e+00  5.08588992 9.27371495 
  2.660000e+00  5.08588992 9.27371495 
  2.665000e+00  5.08588992 9.27371495 
  2.670000e+00  5.08588992 9.27371495 
  2.675000e+00  5.08588992 9.27371495 
  2.680000e+00  5.08588992 9.27371495 
  2.685000e+00  5.08588992 9.27371495 
  2.690000e+00  5.08588992 9.27371495 
  2.695000e+00  5.08588992 9.27371495 
  2.700000e+00  5.08588992 9.27371495 
  2.705000e+00  5.08588992 9.27371495 
  2.710000e+00  5.08588992 9.27371495 
  2.715000e+00  5.08588992 9.27371495 
  2.720000e+00  5.08588992 9.27371495 
  2.725000e+00  5.08588992 9.27371495 
  2.730000e+00  5.08588992 9.27371495 
  2.735000e+00  5.08588992 9.27371495 
  2.740000e+00  5.08588992 9.27371495 
  2.745000e+00  5.08588992 9.27371495 
  2.750000e+00  5.08588992 9.27371495 
  2.755000e+00  5.08588992 9.27371495 
  2.760000e+00  5.08588992 9.27371495 
  2.765000e+00  5.08588992 9.27371495 
  2.770000e+00  5.08588992 9.27371495 
  2.775000e+00  5.08588992 9.27371495 
  2.780000e+00  5.08588992 9.27371495 
  2.785000e+00  5.08588992 9.27371495 
  2.790000e+00  5.08588992 9.27371495 
  2.795000e+00  5.08588992 9.27371495 
  2.800000e+00  5.08588992 9.27371495 
  2.805000e+00  5.08588992 9.27371495 
  2.810000e+00  5.08588992 9.27371495 
  2.815000e+00  5.08588992 9.27371495 
  2.820000e+00  5.08588992 9.27371495 
  2.825000e+00  5.08588992 9.27371495 
  2.830000e+00  5.08588992 9.27371495 
  2.835000e+00  5.08588992 9.27371495 
  2.840000e+00  5.08588992 9.27371495 
  2.845000e+00  5.08588992 9.27371495 
  2.850000e+00  5.08588992 9.27371495 
  2.855000e+00  5.08588992 9.27371495 
  2.860000e+00  5.08588992 9.27371495 
  2.865000e+00  5.08588992 9.27371495 
  2.870000e+00  5.08588992 9.27371495 
  2.875000e+00  5.08588992 9.27371495 
  2.880000e+00  5.08588992 9.27371495 
  2.885000e+00  5.08588992 9.27371495 
  2.890000e+00  5.08588992 9.27371495 
  2.895000e+00  5.08588992 9.27371495 
  2.900000e+00  5.08588992 9.27371495 
  2.905000e+00  5.08588992 9.27371495 
  2.910000e+00  5.08588992 9.27371495 
  2.915000e+00  5.08588992 9.27371495 
  2.920000e+00  5.08588992 9.27371495 
  2.925000e+00  5.08588992 9.27371495 
  2.930000e+00  5.08588992 9.27371495 
  2.935000e+00  5.08588992 9.27371495 
  2.940000e+00  5.08588992 9.27371495 
  2.945000e+00  5.08588992 9.27371495 
  2.950000e+00  5.08588992 9.27371495 
  2.955000e+00  5.08588992 9.27371495 
  2.960000e+00  5.08588992 9.27371495 
  2.965000e+00  5.08588992 9.27371495 
  2.970000e+00  5.08588992 9.27371495 
  2.975000e+00  5.08588992 9.27371495 
  2.980000e+00  5.08588992 9.27371495 
  2.985000e+00  5.08588992 9.27371495 
  2.990000e+00  5.08588992 9.27371495 
  2.995000e+00  5.08588992 9.27371495 
  3.000000e+00  5.08588992 9.27371495 
  3.005000e+00  5.08588992 9.27371495 
  3.010000e+00  5.08588992 9.27371495 
  3.015000e+00  5.08588992 9.27371495 
  3.020000e+00  5.08588992 9.27371495 
  3.025000e+00  5.08588992 9.27371495 
  3.030000e+00  5.08588992 9.27371495 
  3.035000e+00  5.08588992 9.27371495 
  3.040000e+00  5.08588992 9.27371495 
  3.045000e+00  5.08588992 9.27371495 
  3.050000e+00  5.08588992 9.27371495 
  3.055000e+00  5.08588992 9.27371495 
  3.060000e+00  5.08588992 9.27371495 
  3.065000e+00  5.08588992 9.27371495 
  3.070000e+00  5.08588992 9.27371495 
  3.075000e+00  5.08588992 9.27371495 
  3.080000e+00  5.08588992 9.27371495 
  3.085000e+00  5.08588992 9.27371495 
  3.090000e+00  5.08588992 9.27371495 
  3.095000e+00  5.08588992 9.27371495 
  3.100000e+00  5.08588992 9.27371495 
  3.105000e+00  5.08588992 9.27371495 
  3.110000e+00  5.08588992 9.27371495 
  3.115000e+00  5.08588992 9.27371495 
  3.120000e+00  5.08588992 9.27371495 
  3.125000e+00  5.08588992 9.27371495 
  3.130000e+00  5.08588992 9.27371495 
  3.135000e+00  5.08588992 9.27371495 
  3.140000e+00  5.08588992 9.27371495 
  3.145000e+00  5.08588992 9.27371495 
  3.150000e+00  5.08588992 9.27371495 
  3.155000e+00  5.08588992 9.27371495 
  3.160000e+00  5.08588992 9.27371495 
  3.165000e+00  5.08588992 9.27371495 
  3.170000e+00  5.08588992 9.27371495 
  3.175000e+00  5.08588992 9.27371495 
  3.180000e+00  5.08588992 9.27371495 
  3.185000e+00  5.08588992 9.27371495 
  3.190000e+00  5.08588992 9.27371495 
  3.195000e+00  5.08588992 9.27371495 
  3.200000e+00  5.08588992 9.27371495 
  3.205000e+00  5.08588992 9.27371495 
  3.210000e+00  5.08588992 9.27371495 
  3.215000e+00  5.08588992 9.27371495 
  3.220000e+00  5.08588992 9.27371495 
  3.225000e+00  5.08588992 9.27371495 
  3.230000e+00  5.08588992 9.27371495 
  3.235000e+00  5.08588992 9.27371495 
  3.240000e+00  5.08588992 9.27371495 
  3.245000e+00  5.08588992 9.27371495 
  3.250000e+00  5.08588992 9.27371495 
  3.255000e+00  5.08588992 9.27371495 
  3.260000e+00  5.08588992 9.27371495 
  3.265000e+00  5.08588992 9.27371495 
  3.270000e+00  5.08588992 9.27371495 
  3.275000e+00  5.08588992 9.27371495 
  3.280000e+00  5.08588992 9.27371495 
  3.285000e+00  5.08588992 9.27371495 
  3.290000e+00  5.08588992 9.27371495 
  3.295000e+00  5.08588992 9.27371495 
  3.300000e+00  5.08588992 9.27371495 
  3.305000e+00  5.08588992 9.27371495 
  3.310000e+00  5.08588992 9.27371495 
  3.315000e+00  5.08588992 9.27371495 
  3.320000e+00  5.08588992 9.27371495 
  3.325000e+00  5.08588992 9.27371495 
  3.330000e+00  5.08588992 9.27371495 
  3.335000e+00  5.08588992 9.27371495 
  3.340000e+00  5.08588992 9.27371495 
  3.345000e+00  5.08588992 9.27371495 
  3.350000e+00  5.08588992 9.27371495 
  3.355000e+00  5.08588992 9.27371495 
  3.360000e+00  5.08588992 9.27371495 
  3.365000e+00  5.08588992 9.27371495 
  3.370000e+00  5.08588992 9.27371495 
  3.375000e+00  5.08588992 9.27371495 
  3.380000e+00  5.08588992 9.27371495 
  3.385000e+00  5.08588992 9.27371495 
  3.390000e+00  5.08588992 9.27371495 
  3.395000e+00  5.08588992 9.27371495 
  3.400000e+00  5.08588992 9.27371495 
  3.405000e+00  5.08588992 9.27371495 
  3.410000e+00  5.08588992 9.27371495 
  3.415000e+00  5.08588992 9.27371495 
  3.420000e+00  5.08588992 9.27371495 
  3.425000e+00  5.08588992 9.27371495 
  3.430000e+00  5.08588992 9.27371495 
  3.435000e+00  5.08588992 9.27371495 
  3.440000e+00  5.08588992 9.27371495 
  3.445000e+00  5.08588992 9.27371495 
  3.450000e+00  5.08588992 9.27371495 
  3.455000e+00  5.08588992 9.27371495 
  3.460000e+00  5.08588992 9.27371495 
  3.465000e+00  5.08588992 9.27371495 
  3.470000e+00  5.08588992 9.27371495 
  3.475000e+00  5.08588992 9.27371495 
  3.480000e+00  5.08588992 9.27371495 
  3.485000e+00  5.08588992 9.27371495 
  3.490000e+00  5.08588992 9.27371495 
  3.495000e+00  5.08588992 9.27371495 
  3.500000e+00  5.08588992 9.27371495 
  3.505000e+00  5.08588992 9.27371495 
  3.510000e+00  5.08588992 9.27371495 
  3.515000e+00  5.08588992 9.27371495 
  3.520000e+00  5.08588992 9.27371495 
  3.525000e+00  5.08588992 9.27371495 
  3.530000e+00  5.08588992 9.27371495 
  3.535000e+00  5.08588992 9.27371495 
  3.540000e+00  5.08588992 9.27371495 
  3.545000e+00  5.08588992 9.27371495 
  3.550000e+00  5.08588992 9.27371495 
  3.555000e+00  5.08588992 9.27371495 
  3.560000e+00  5.08588992 9.27371495 
  3.565000e+00  5.08588992 9.27371495 
  3.570000e+00  5.08588992 9.27371495 
  3.575000e+00  5.08588992 9.27371495 
  3.580000e+00  5.08588992 9.27371495 
  3.585000e+00  5.08588992 9.27371495 
  3.590000e+00  5.08588992 9.27371495 
  3.595000e+00  5.08588992 9.27371495 
  3.600000e+00  5.08588992 9.27371495 
  3.605000e+00  5.08588992 9.27371495 
  3.610000e+00  5.08588992 9.27371495 
  3.615000e+00  5.08588992 9.27371495 
  3.620000e+00  5.08588992 9.27371495 
  3.625000e+00  5.08588992 9.27371495 
  3.630000e+00  5.08588992 9.27371495 
  3.635000e+00  5.08588992 9.27371495 
  3.640000e+00  5.08588992 9.27371495 
  3.645000e+00  5.08588992 9.27371495 
  3.650000e+00  5.08588992 9.27371495 
  3.655000e+00  5.08588992 9.27371495 
  3.660000e+00  5.08588992 9.27371495 
  3.665000e+00  5.08588992 9.27371495 
  3.670000e+00  5.08588992 9.27371495 
  3.675000e+00  5.08588992 9.27371495 
  3.680000e+00  5.08588992 9.27371495 
  3.685000e+00  5.08588992 9.27371495 
  3.690000e+00  5.08588992 9.27371495 
  3.695000e+00  5.08588992 9.27371495 
  3.700000e+00  5.08588992 9.27371495 
  3.705000e+00  5.08588992 9.27371495 
  3.710000e+00  5.08588992 9.27371495 
  3.715000e+00  5.08588992 9.27371495 
  3.720000e+00  5.08588992 9.27371495 
  3.725000e+00  5.08588992 9.27371495 
  3.730000e+00  5.08588992 9.27371495 
  3.735000e+00  5.08588992 9.27371495 
  3.740000e+00  5.08588992 9.27371495 
  3.745000e+00  5.08588992 9.27371495 
  3.750000e+00  5.08588992 9.27371495 
  3.755000e+00  5.08588992 9.27371495 
  3.760000e+00  5.08588992 9.27371495 
  3.765000e+00  5.08588992 9.27371495 
  3.770000e+00  5.08588992 9.27371495 
  3.775000e+00  5.08588992 9.27371495 
  3.780000e+00  5.08588992 9.27371495 
  3.785000e+00  5.08588992 9.27371495 
  3.790000e+00  5.08588992 9.27371495 
  3.795000e+00  5.08588992 9.27371495 
  3.800000e+00  5.08588992 9.27371495 
  3.805000e+00  5.08588992 9.27371495 
  3.810000e+00  5.08588992 9.27371495 
  3.815000e+00  5.08588992 9.27371495 
  3.820000e+00  5.08588992 9.27371495 
  3.825000e+00  5.08588992 9.27371495 
  3.830000e+00  5.08588992 9.27371495 
  3.835000e+00  5.08588992 9.27371495 
  3.840000e+00  5.08588992 9.27371495 
  3.845000e+00  5.08588992 9.27371495 
  3.850000e+00  5.08588992 9.27371495 
  3.855000e+00  5.08588992 9.27371495 
  3.860000e+00  5.08588992 9.27371495 
  3.865000e+00  5.08588992 9.27371495 
  3.870000e+00  5.08588992 9.27371495 
  3.875000e+00  5.08588992 9.27371495 
  3.880000e+00  5.08588992 9.27371495 
  3.885000e+00  5.08588992 9.27371495 
  3.890000e+00  5.08588992 9.27371495 
  3.895000e+00  5.08588992 9.27371495 
  3.900000e+00  5.08588992 9.27371495 
  3.905000e+00  5.08588992 9.27371495 
  3.910000e+00  5.08588992 9.27371495 
  3.915000e+00  5.08588992 9.27371495 
  3.920000e+00  5.08588992 9.27371495 
  3.925000e+00  5.08588992 9.27371495 
  3.930000e+00  5.08588992 9.27371495 
  3.935000e+00  5.08588992 9.27371495 
  3.940000e+00  5.08588992 9.27371495 
  3.945000e+00  5.08588992 9.27371495 
  3.950000e+00  5.08588992 9.27371495 
  3.955000e+00  5.08588992 9.27371495 
  3.960000e+00  5.08588992 9.27371495 
  3.965000e+00  5.08588992 9.27371495 
  3.970000e+00  5.08588992 9.27371495 
  3.975000e+00  5.08588992 9.27371495 
  3.980000e+00  5.08588992 9.27371495 
  3.985000e+00  5.08588992 9.27371495 
  3.990000e+00  5.08588992 9.27371495 
  3.995000e+00  5.08588992 9.27371495 
  4.000000e+00  5.08588992 9.27371495 
