  0.000000e+00  15.102713  15.102713  15.102713 1.000000
  1.000000e-02  13.967951  13.411840  13.411840 0.250972
  2.000000e-02  12.736800  12.126902  12.970539  -0.037804 
  3.000000e-02  11.750261  11.130773  12.552506  -0.034552 
  4.000000e-02  10.943421  10.326865  12.115136  -0.032762 
  5.000000e-02  10.261552  9.662911  11.673976  -0.032480 
  6.000000e-02  9.729490  9.154649  11.253506  -0.032690 
  7.000000e-02  9.342576  8.780137  10.849075  -0.032882 
  8.000000e-02  9.056516  8.499272  10.485556  -0.033010 
  9.000000e-02  8.827195  8.273234  10.160542  -0.033104 
  1.000000e-01  8.625294  8.073430  9.868528  -0.033168 
  1.100000e-01  8.440201  7.890365  9.608235  -0.033206 
  1.200000e-01  8.271633  7.725560  9.374939  -0.033221 
  1.300000e-01  8.118119  7.579010  9.161210  -0.033221 
  1.400000e-01  7.973469  7.444896  8.961443  -0.033212 
  1.500000e-01  7.831017  7.315954  8.773531  -0.033199 
  1.600000e-01  7.687742  7.188157  8.596982  -0.033187 
  1.700000e-01  7.544708  7.061531  8.431340  -0.033176 
  1.800000e-01  7.405689  6.938900  8.276121  -0.033167 
  1.900000e-01  7.275512  6.824251  8.130805  -0.033162 
  2.000000e-01  7.158097  6.720826  7.994404  -0.033157 
  2.100000e-01  7.054726  6.629449  7.865386  -0.033154 
  2.200000e-01  6.963694  6.548190  7.742203  -0.033152 
  2.300000e-01  6.881587  6.473595  7.623845  -0.033151 
  2.400000e-01  6.805142  6.402499  7.509931  -0.033150 
  2.500000e-01  6.732438  6.333181  7.400409  -0.033149 
  2.600000e-01  6.662975  6.265433  7.295224  -0.033149 
  2.700000e-01  6.597000  6.199887  7.194187  -0.033149 
  2.800000e-01  6.534724  6.137225  7.097016  -0.033150 
  2.900000e-01  6.475879  6.077690  7.003456  -0.033150 
  3.000000e-01  6.419743  6.021041  6.913379  -0.033151 
  3.100000e-01  6.365491  5.966831  6.826824  -0.033152 
  3.200000e-01  6.312649  5.914802  6.743959  -0.033153 
  3.300000e-01  6.261397  5.865181  6.665011  -0.033154 
  3.400000e-01  6.212618  5.818757  6.590176  -0.033155 
  3.500000e-01  6.167678  5.776713  6.519543  -0.033156 
  3.600000e-01  6.128003  5.740259  6.453037  -0.033156 
  3.700000e-01  6.094576  5.710170  6.390389  -0.033157 
  3.800000e-01  6.067515  5.686387  6.331155  -0.033157 
  3.900000e-01  6.045838  5.667787  6.274762  -0.033158 
  4.000000e-01  6.027506  5.652231  6.220580  -0.033158 
  4.100000e-01  6.009712  5.636846  6.167988  -0.033158 
  4.200000e-01  5.989334  5.618476  6.116424  -0.033157 
  4.300000e-01  5.963439  5.594178  6.065411  -0.033157 
  4.400000e-01  5.929717  5.561648  6.014570  -0.033156 
  4.500000e-01  5.886787  5.519530  5.963616  -0.033154 
  4.600000e-01  5.834344  5.467555  5.912350  -0.033153 
  4.700000e-01  5.773122  5.406511  5.860635  -0.033151 
  4.800000e-01  5.704696  5.338040  5.808374  -0.033148 
  4.900000e-01  5.631149  5.264306  5.755490  -0.033146 
  5.000000e-01  5.554691  5.187597  5.701919  -0.033144 
  5.100000e-01  5.477305  5.109967  5.647634  -0.033142 
  5.200000e-01  5.400562  5.033038  5.592674  -0.033140 
  5.300000e-01  5.325607  4.957993  5.537171  -0.033139 
  5.400000e-01  5.253302  4.885723  5.481322  -0.033138 
  5.500000e-01  5.184366  4.816977  5.425341  -0.033138 
  5.600000e-01  5.119430  4.752413  5.369404  -0.033138 
  5.700000e-01  5.058982  4.692530  5.313640  -0.033137 
  5.800000e-01  5.003289  4.637583  5.258179  -0.033137 
  5.900000e-01  4.952356  4.587536  5.203198  -0.033137 
  6.000000e-01  4.905962  4.542109  5.148928  -0.033136 
  6.100000e-01  4.863716  4.500846  5.095627  -0.033136 
  6.200000e-01  4.825118  4.463192  5.043533  -0.033136 
  6.300000e-01  4.789618  4.428559  4.992832  -0.033137 
  6.400000e-01  4.756667  4.396376  4.943648  -0.033138 
  6.500000e-01  4.725769  4.366140  4.896044  -0.033139 
  6.600000e-01  4.696513  4.337447  4.850043  -0.033140 
  6.700000e-01  4.668598  4.310005  4.805635  -0.033142 
  6.800000e-01  4.641837  4.283638  4.762800  -0.033144 
  6.900000e-01  4.616138  4.258271  4.721506  -0.033145 
  7.000000e-01  4.591488  4.233900  4.681717  -0.033147 
  7.100000e-01  4.567913  4.210565  4.643390  -0.033149 
  7.200000e-01  4.545453  4.188315  4.606479  -0.033151 
  7.300000e-01  4.524133  4.167185  4.570928  -0.033152 
  7.400000e-01  4.503948  4.147175  4.536681  -0.033154 
  7.500000e-01  4.484847  4.128242  4.503675  -0.033156 
  7.600000e-01  4.466738  4.110297  4.471847  -0.033157 
  7.700000e-01  4.449486  4.093209  4.441134  -0.033159 
  7.800000e-01  4.432929  4.076818  4.411473  -0.033160 
  7.900000e-01  4.416888  4.060946  4.382805  -0.033162 
  8.000000e-01  4.401190  4.045419  4.355079  -0.033163 
  8.100000e-01  4.385684  4.030085  4.328251  -0.033164 
  8.200000e-01  4.370264  4.014835  4.302286  -0.033165 
  8.300000e-01  4.354882  3.999620  4.277165  -0.033166 
  8.400000e-01  4.339567  3.984463  4.252878  -0.033166 
  8.500000e-01  4.324423  3.969467  4.229429  -0.033167 
  8.600000e-01  4.309631  3.954811  4.206832  -0.033167 
  8.700000e-01  4.295432  3.940736  4.185107  -0.033168 
  8.800000e-01  4.282105  3.927521  4.164281  -0.033169 
  8.900000e-01  4.269938  3.915458  4.144380  -0.033169 
  9.000000e-01  4.259197  3.904816  4.125428  -0.033170 
  9.100000e-01  4.250092  3.895812  4.107447  -0.033171 
  9.200000e-01  4.242760  3.888588  4.090454  -0.033172 
  9.300000e-01  4.237246  3.883195  4.074461  -0.033173 
  9.400000e-01  4.233502  3.879590  4.059475  -0.033174 
  9.500000e-01  4.231397  3.877643  4.045497  -0.033175 
  9.600000e-01  4.230732  3.877158  4.032526  -0.033176 
  9.700000e-01  4.231266  3.877893  4.020550  -0.033178 
  9.800000e-01  4.232742  3.879587  4.009555  -0.033179 
  9.900000e-01  4.234904  3.881980  3.999517  -0.033181 
  1.000000e+00  4.237521  3.884835  3.990404  -0.033182 
  1.010000e+00  4.240393  3.887945  3.982176  -0.033183 
  1.020000e+00  4.243358  3.891142  3.974787  -0.033185 
  1.030000e+00  4.246291  3.894297  3.968182  -0.033186 
  1.040000e+00  4.249103  3.897314  3.962305  -0.033187 
  1.050000e+00  4.251732  3.900128  3.957095  -0.033188 
  1.060000e+00  4.254138  3.902697  3.952491  -0.033189 
  1.070000e+00  4.256300  3.904999  3.948431  -0.033190 
  1.080000e+00  4.258208  3.907024  3.944859  -0.033191 
  1.090000e+00  4.259862  3.908776  3.941718  -0.033192 
  1.100000e+00  4.261268  3.910262  3.938957  -0.033192 
  1.110000e+00  4.262436  3.911498  3.936528  -0.033193 
  1.120000e+00  4.263383  3.912500  3.934386  -0.033193 
  1.130000e+00  4.264123  3.913290  3.932494  -0.033194 
  1.140000e+00  4.264676  3.913888  3.930815  -0.033194 
  1.150000e+00  4.265057  3.914313  3.929317  -0.033194 
  1.160000e+00  4.265284  3.914583  3.927972  -0.033195 
  1.170000e+00  4.265372  3.914715  3.926755  -0.033195 
  1.180000e+00  4.265334  3.914722  3.925644  -0.033195 
  1.190000e+00  4.265182  3.914614  3.924621  -0.033195 
  1.200000e+00  4.264927  3.914401  3.923670  -0.033195 
  1.210000e+00  4.264578  3.914092  3.922777  -0.033195 
  1.220000e+00  4.264148  3.913698  3.921931  -0.033195 
  1.230000e+00  4.263650  3.913230  3.921126  -0.033195 
  1.240000e+00  4.263099  3.912702  3.920354  -0.033195 
  1.250000e+00  4.262512  3.912131  3.919610  -0.033195 
  1.260000e+00  4.261908  3.911536  3.918892  -0.033195 
  1.270000e+00  4.261306  3.910935  3.918197  -0.033195 
  1.280000e+00  4.260723  3.910348  3.917523  -0.033195 
  1.290000e+00  4.260172  3.909788  3.916867  -0.033196 
  1.300000e+00  4.259664  3.909266  3.916228  -0.033196 
  1.310000e+00  4.259200  3.908787  3.915602  -0.033196 
  1.320000e+00  4.258775  3.908347  3.914988  -0.033196 
  1.330000e+00  4.258379  3.907936  3.914383  -0.033196 
  1.340000e+00  4.257995  3.907539  3.913781  -0.033196 
  1.350000e+00  4.257602  3.907136  3.913181  -0.033196 
  1.360000e+00  4.257176  3.906702  3.912578  -0.033196 
  1.370000e+00  4.256694  3.906215  3.911967  -0.033196 
  1.380000e+00  4.256134  3.905653  3.911346  -0.033196 
  1.390000e+00  4.255481  3.904999  3.910710  -0.033196 
  1.400000e+00  4.254722  3.904239  3.910056  -0.033196 
  1.410000e+00  4.253852  3.903369  3.909381  -0.033196 
  1.420000e+00  4.252872  3.902387  3.908682  -0.033196 
  1.430000e+00  4.251789  3.901300  3.907957  -0.033196 
  1.440000e+00  4.250615  3.900121  3.907205  -0.033196 
  1.450000e+00  4.249366  3.898864  3.906424  -0.033196 
  1.460000e+00  4.248060  3.897549  3.905615  -0.033196 
  1.470000e+00  4.246719  3.896197  3.904777  -0.033196 
  1.480000e+00  4.245362  3.894827  3.903914  -0.033196 
  1.490000e+00  4.244007  3.893460  3.903025  -0.033196 
  1.500000e+00  4.242674  3.892113  3.902115  -0.033196 
  1.510000e+00  4.241376  3.890803  3.901187  -0.033196 
  1.520000e+00  4.240126  3.889541  3.900243  -0.033196 
  1.530000e+00  4.238933  3.888338  3.899289  -0.033196 
  1.540000e+00  4.237805  3.887201  3.898329  -0.033196 
  1.550000e+00  4.236746  3.886134  3.897367  -0.033196 
  1.560000e+00  4.235759  3.885142  3.896407  -0.033196 
  1.570000e+00  4.234845  3.884223  3.895454  -0.033196 
  1.580000e+00  4.234004  3.883377  3.894512  -0.033196 
  1.590000e+00  4.233234  3.882604  3.893586  -0.033196 
  1.600000e+00  4.232534  3.881900  3.892678  -0.033196 
  1.610000e+00  4.231901  3.881263  3.891792  -0.033196 
  1.620000e+00  4.231332  3.880690  3.890930  -0.033196 
  1.630000e+00  4.230824  3.880177  3.890096  -0.033196 
  1.640000e+00  4.230375  3.879722  3.889292  -0.033196 
  1.650000e+00  4.229980  3.879320  3.888518  -0.033196 
  1.660000e+00  4.229636  3.878970  3.887777  -0.033196 
  1.670000e+00  4.229339  3.878666  3.887069  -0.033196 
  1.680000e+00  4.229086  3.878405  3.886394  -0.033196 
  1.690000e+00  4.228871  3.878184  3.885754  -0.033196 
  1.700000e+00  4.228690  3.877996  3.885147  -0.033196 
  1.710000e+00  4.228538  3.877839  3.884574  -0.033197 
  1.720000e+00  4.228411  3.877708  3.884033  -0.033197 
  1.730000e+00  4.228305  3.877597  3.883523  -0.033197 
  1.740000e+00  4.228213  3.877503  3.883044  -0.033197 
  1.750000e+00  4.228134  3.877422  3.882595  -0.033197 
  1.760000e+00  4.228063  3.877350  3.882173  -0.033197 
  1.770000e+00  4.227997  3.877284  3.881778  -0.033197 
  1.780000e+00  4.227936  3.877222  3.881409  -0.033197 
  1.790000e+00  4.227877  3.877164  3.881064  -0.033197 
  1.800000e+00  4.227820  3.877108  3.880742  -0.033197 
  1.810000e+00  4.227766  3.877054  3.880442  -0.033197 
  1.820000e+00  4.227715  3.877003  3.880163  -0.033197 
  1.830000e+00  4.227668  3.876957  3.879903  -0.033197 
  1.840000e+00  4.227627  3.876916  3.879662  -0.033197 
  1.850000e+00  4.227594  3.876882  3.879440  -0.033197 
  1.860000e+00  4.227569  3.876857  3.879234  -0.033197 
  1.870000e+00  4.227554  3.876842  3.879045  -0.033197 
  1.880000e+00  4.227550  3.876837  3.878872  -0.033197 
  1.890000e+00  4.227557  3.876844  3.878714  -0.033197 
  1.900000e+00  4.227575  3.876861  3.878570  -0.033197 
  1.910000e+00  4.227603  3.876889  3.878441  -0.033197 
  1.920000e+00  4.227641  3.876927  3.878324  -0.033197 
  1.930000e+00  4.227687  3.876974  3.878221  -0.033197 
  1.940000e+00  4.227740  3.877027  3.878129  -0.033197 
  1.950000e+00  4.227798  3.877086  3.878048  -0.033197 
  1.960000e+00  4.227859  3.877148  3.877978  -0.033197 
  1.970000e+00  4.227922  3.877211  3.877917  -0.033197 
  1.980000e+00  4.227984  3.877275  3.877865  -0.033197 
  1.990000e+00  4.228045  3.877337  3.877822  -0.033197 
  2.000000e+00  4.228102  3.877395  3.877785  -0.033197 
  2.010000e+00  4.228155  3.877449  3.877755  -0.033197 
  2.020000e+00  4.228202  3.877497  3.877730  -0.033197 
  2.030000e+00  4.228243  3.877538  3.877710  -0.033197 
  2.040000e+00  4.228277  3.877573  3.877693  -0.033197 
  2.050000e+00  4.228304  3.877600  3.877680  -0.033197 
  2.060000e+00  4.228322  3.877619  3.877669  -0.033197 
  2.070000e+00  4.228334  3.877631  3.877659  -0.033197 
  2.080000e+00  4.228337  3.877635  3.877651  -0.033197 
  2.090000e+00  4.228334  3.877632  3.877643  -0.033197 
  2.100000e+00  4.228323  3.877622  3.877634  -0.033197 
  2.110000e+00  4.228306  3.877605  3.877626  -0.033197 
  2.120000e+00  4.228282  3.877582  3.877616  -0.033197 
  2.130000e+00  4.228253  3.877554  3.877605  -0.033197 
  2.140000e+00  4.228220  3.877521  3.877593  -0.033197 
  2.150000e+00  4.228182  3.877484  3.877579  -0.033197 
  2.160000e+00  4.228140  3.877443  3.877563  -0.033197 
  2.170000e+00  4.228096  3.877399  3.877545  -0.033197 
  2.180000e+00  4.228049  3.877354  3.877526  -0.033197 
  2.190000e+00  4.228001  3.877306  3.877505  -0.033197 
  2.200000e+00  4.227953  3.877258  3.877482  -0.033197 
  2.210000e+00  4.227904  3.877210  3.877457  -0.033197 
  2.220000e+00  4.227856  3.877163  3.877432  -0.033197 
  2.230000e+00  4.227809  3.877116  3.877404  -0.033197 
  2.240000e+00  4.227763  3.877071  3.877376  -0.033197 
  2.250000e+00  4.227719  3.877027  3.877347  -0.033197 
  2.260000e+00  4.227677  3.876986  3.877317  -0.033197 
  2.270000e+00  4.227637  3.876946  3.877287  -0.033197 
  2.280000e+00  4.227599  3.876909  3.877256  -0.033197 
  2.290000e+00  4.227563  3.876874  3.877225  -0.033197 
  2.300000e+00  4.227530  3.876842  3.877194  -0.033197 
  2.310000e+00  4.227498  3.876811  3.877163  -0.033197 
  2.320000e+00  4.227468  3.876782  3.877132  -0.033197 
  2.330000e+00  4.227440  3.876755  3.877101  -0.033197 
  2.340000e+00  4.227413  3.876729  3.877070  -0.033197 
  2.350000e+00  4.227387  3.876705  3.877041  -0.033197 
  2.360000e+00  4.227363  3.876681  3.877011  -0.033197 
  2.370000e+00  4.227339  3.876658  3.876982  -0.033197 
  2.380000e+00  4.227315  3.876636  3.876954  -0.033197 
  2.390000e+00  4.227293  3.876615  3.876926  -0.033197 
  2.400000e+00  4.227271  3.876594  3.876899  -0.033197 
  2.410000e+00  4.227250  3.876574  3.876872  -0.033197 
  2.420000e+00  4.227229  3.876555  3.876846  -0.033197 
  2.430000e+00  4.227209  3.876536  3.876821  -0.033197 
  2.440000e+00  4.227190  3.876518  3.876796  -0.033197 
  2.450000e+00  4.227172  3.876501  3.876773  -0.033197 
  2.460000e+00  4.227154  3.876485  3.876750  -0.033197 
  2.470000e+00  4.227138  3.876469  3.876727  -0.033197 
  2.480000e+00  4.227122  3.876455  3.876706  -0.033197 
  2.490000e+00  4.227108  3.876442  3.876685  -0.033197 
  2.500000e+00  4.227095  3.876430  3.876665  -0.033197 
  2.510000e+00  4.227083  3.876419  3.876646  -0.033197 
  2.520000e+00  4.227073  3.876409  3.876627  -0.033197 
  2.530000e+00  4.227063  3.876401  3.876610  -0.033197 
  2.540000e+00  4.227055  3.876394  3.876593  -0.033197 
  2.550000e+00  4.227049  3.876388  3.876578  -0.033197 
  2.560000e+00  4.227043  3.876383  3.876563  -0.033197 
  2.570000e+00  4.227039  3.876380  3.876549  -0.033197 
  2.580000e+00  4.227035  3.876377  3.876536  -0.033197 
  2.590000e+00  4.227033  3.876376  3.876524  -0.033197 
  2.600000e+00  4.227031  3.876375  3.876512  -0.033197 
  2.610000e+00  4.227031  3.876375  3.876502  -0.033197 
  2.620000e+00  4.227031  3.876376  3.876493  -0.033197 
  2.630000e+00  4.227032  3.876378  3.876484  -0.033197 
  2.640000e+00  4.227033  3.876380  3.876476  -0.033197 
  2.650000e+00  4.227035  3.876382  3.876469  -0.033197 
  2.660000e+00  4.227037  3.876385  3.876462  -0.033197 
  2.670000e+00  4.227039  3.876388  3.876457  -0.033197 
  2.680000e+00  4.227042  3.876391  3.876451  -0.033197 
  2.690000e+00  4.227044  3.876394  3.876447  -0.033197 
  2.700000e+00  4.227047  3.876397  3.876443  -0.033197 
  2.710000e+00  4.227049  3.876400  3.876439  -0.033197 
  2.720000e+00  4.227051  3.876403  3.876436  -0.033197 
  2.730000e+00  4.227053  3.876405  3.876434  -0.033197 
  2.740000e+00  4.227055  3.876407  3.876432  -0.033197 
  2.750000e+00  4.227057  3.876409  3.876430  -0.033197 
  2.760000e+00  4.227058  3.876411  3.876428  -0.033197 
  2.770000e+00  4.227059  3.876412  3.876426  -0.033197 
  2.780000e+00  4.227060  3.876413  3.876425  -0.033197 
  2.790000e+00  4.227060  3.876414  3.876424  -0.033197 
  2.800000e+00  4.227061  3.876415  3.876423  -0.033197 
  2.810000e+00  4.227061  3.876415  3.876422  -0.033197 
  2.820000e+00  4.227061  3.876415  3.876421  -0.033197 
  2.830000e+00  4.227061  3.876415  3.876421  -0.033197 
  2.840000e+00  4.227060  3.876415  3.876420  -0.033197 
  2.850000e+00  4.227060  3.876415  3.876420  -0.033197 
  2.860000e+00  4.227059  3.876414  3.876419  -0.033197 
  2.870000e+00  4.227059  3.876414  3.876419  -0.033197 
  2.880000e+00  4.227058  3.876413  3.876418  -0.033197 
  2.890000e+00  4.227058  3.876413  3.876417  -0.033197 
  2.900000e+00  4.227057  3.876412  3.876417  -0.033197 
  2.910000e+00  4.227057  3.876411  3.876416  -0.033197 
  2.920000e+00  4.227056  3.876411  3.876416  -0.033197 
  2.930000e+00  4.227055  3.876410  3.876415  -0.033197 
  2.940000e+00  4.227055  3.876409  3.876415  -0.033197 
  2.950000e+00  4.227054  3.876409  3.876414  -0.033197 
  2.960000e+00  4.227054  3.876408  3.876414  -0.033197 
  2.970000e+00  4.227053  3.876407  3.876413  -0.033197 
  2.980000e+00  4.227052  3.876406  3.876413  -0.033197 
  2.990000e+00  4.227051  3.876405  3.876412  -0.033197 
  3.000000e+00  4.227051  3.876405  3.876411  -0.033197 
  3.010000e+00  4.227050  3.876404  3.876410  -0.033197 
  3.020000e+00  4.227049  3.876403  3.876410  -0.033197 
  3.030000e+00  4.227048  3.876402  3.876409  -0.033197 
  3.040000e+00  4.227047  3.876400  3.876408  -0.033197 
  3.050000e+00  4.227046  3.876399  3.876407  -0.033197 
  3.060000e+00  4.227045  3.876398  3.876407  -0.033197 
  3.070000e+00  4.227044  3.876397  3.876406  -0.033197 
  3.080000e+00  4.227043  3.876396  3.876405  -0.033197 
  3.090000e+00  4.227042  3.876394  3.876404  -0.033197 
  3.100000e+00  4.227041  3.876393  3.876403  -0.033197 
  3.110000e+00  4.227040  3.876392  3.876402  -0.033197 
  3.120000e+00  4.227039  3.876391  3.876401  -0.033197 
  3.130000e+00  4.227038  3.876389  3.876400  -0.033197 
  3.140000e+00  4.227037  3.876388  3.876399  -0.033197 
  3.150000e+00  4.227036  3.876387  3.876398  -0.033197 
  3.160000e+00  4.227036  3.876386  3.876397  -0.033197 
  3.170000e+00  4.227035  3.876385  3.876396  -0.033197 
  3.180000e+00  4.227034  3.876384  3.876395  -0.033197 
  3.190000e+00  4.227033  3.876383  3.876394  -0.033197 
  3.200000e+00  4.227033  3.876382  3.876393  -0.033197 
  3.210000e+00  4.227032  3.876381  3.876392  -0.033197 
  3.220000e+00  4.227031  3.876380  3.876391  -0.033197 
  3.230000e+00  4.227031  3.876379  3.876390  -0.033197 
  3.240000e+00  4.227031  3.876379  3.876389  -0.033197 
  3.250000e+00  4.227030  3.876378  3.876388  -0.033197 
  3.260000e+00  4.227030  3.876378  3.876388  -0.033197 
  3.270000e+00  4.227030  3.876377  3.876387  -0.033197 
  3.280000e+00  4.227030  3.876377  3.876386  -0.033197 
  3.290000e+00  4.227030  3.876377  3.876385  -0.033197 
  3.300000e+00  4.227030  3.876377  3.876385  -0.033197 
  3.310000e+00  4.227030  3.876376  3.876384  -0.033197 
  3.320000e+00  4.227030  3.876376  3.876383  -0.033197 
  3.330000e+00  4.227030  3.876376  3.876383  -0.033197 
  3.340000e+00  4.227030  3.876376  3.876382  -0.033197 
  3.350000e+00  4.227030  3.876376  3.876382  -0.033197 
  3.360000e+00  4.227030  3.876376  3.876381  -0.033197 
  3.370000e+00  4.227030  3.876376  3.876381  -0.033197 
  3.380000e+00  4.227030  3.876376  3.876380  -0.033197 
  3.390000e+00  4.227030  3.876376  3.876380  -0.033197 
  3.400000e+00  4.227030  3.876376  3.876380  -0.033197 
  3.410000e+00  4.227031  3.876376  3.876379  -0.033197 
  3.420000e+00  4.227031  3.876376  3.876379  -0.033197 
  3.430000e+00  4.227031  3.876376  3.876379  -0.033197 
  3.440000e+00  4.227031  3.876376  3.876379  -0.033197 
  3.450000e+00  4.227031  3.876376  3.876378  -0.033197 
  3.460000e+00  4.227031  3.876376  3.876378  -0.033197 
  3.470000e+00  4.227031  3.876376  3.876378  -0.033197 
  3.480000e+00  4.227031  3.876376  3.876378  -0.033197 
  3.490000e+00  4.227032  3.876376  3.876378  -0.033197 
  3.500000e+00  4.227032  3.876376  3.876378  -0.033197 
  3.510000e+00  4.227032  3.876376  3.876377  -0.033197 
  3.520000e+00  4.227032  3.876376  3.876377  -0.033197 
  3.530000e+00  4.227032  3.876376  3.876377  -0.033197 
  3.540000e+00  4.227032  3.876376  3.876377  -0.033197 
  3.550000e+00  4.227032  3.876376  3.876377  -0.033197 
  3.560000e+00  4.227032  3.876376  3.876377  -0.033197 
  3.570000e+00  4.227032  3.876376  3.876377  -0.033197 
  3.580000e+00  4.227032  3.876376  3.876377  -0.033197 
  3.590000e+00  4.227032  3.876376  3.876377  -0.033197 
  3.600000e+00  4.227033  3.876376  3.876377  -0.033197 
  3.610000e+00  4.227033  3.876376  3.876377  -0.033197 
  3.620000e+00  4.227033  3.876376  3.876377  -0.033197 
  3.630000e+00  4.227033  3.876376  3.876377  -0.033197 
  3.640000e+00  4.227033  3.876377  3.876377  -0.033197 
  3.650000e+00  4.227033  3.876377  3.876377  -0.033197 
  3.660000e+00  4.227033  3.876377  3.876377  -0.033197 
  3.670000e+00  4.227033  3.876377  3.876377  -0.033197 
  3.680000e+00  4.227033  3.876377  3.876377  -0.033197 
  3.690000e+00  4.227033  3.876377  3.876377  -0.033197 
  3.700000e+00  4.227033  3.876377  3.876377  -0.033197 
  3.710000e+00  4.227033  3.876377  3.876377  -0.033197 
  3.720000e+00  4.227033  3.876377  3.876377  -0.033197 
  3.730000e+00  4.227033  3.876377  3.876377  -0.033197 
  3.740000e+00  4.227033  3.876377  3.876377  -0.033197 
  3.750000e+00  4.227033  3.876377  3.876377  -0.033197 
  3.760000e+00  4.227033  3.876376  3.876377  -0.033197 
  3.770000e+00  4.227033  3.876376  3.876377  -0.033197 
  3.780000e+00  4.227032  3.876376  3.876377  -0.033197 
  3.790000e+00  4.227032  3.876376  3.876377  -0.033197 
  3.800000e+00  4.227032  3.876376  3.876376  -0.033197 
  3.810000e+00  4.227032  3.876376  3.876376  -0.033197 
  3.820000e+00  4.227032  3.876376  3.876376  -0.033197 
  3.830000e+00  4.227032  3.876376  3.876376  -0.033197 
  3.840000e+00  4.227032  3.876376  3.876376  -0.033197 
  3.850000e+00  4.227032  3.876376  3.876376  -0.033197 
  3.860000e+00  4.227032  3.876376  3.876376  -0.033197 
  3.870000e+00  4.227032  3.876376  3.876376  -0.033197 
  3.880000e+00  4.227032  3.876376  3.876376  -0.033197 
  3.890000e+00  4.227032  3.876376  3.876376  -0.033197 
  3.900000e+00  4.227031  3.876376  3.876376  -0.033197 
  3.910000e+00  4.227031  3.876376  3.876376  -0.033197 
  3.920000e+00  4.227031  3.876376  3.876376  -0.033197 
  3.930000e+00  4.227031  3.876376  3.876376  -0.033197 
  3.940000e+00  4.227031  3.876376  3.876376  -0.033197 
  3.950000e+00  4.227031  3.876376  3.876376  -0.033197 
  3.960000e+00  4.227031  3.876376  3.876376  -0.033197 
  3.970000e+00  4.227031  3.876376  3.876376  -0.033197 
  3.980000e+00  4.227031  3.876376  3.876376  -0.033197 
  3.990000e+00  4.227031  3.876376  3.876376  -0.033197 
  4.000000e+00  4.227031  3.876376  3.876376  -0.033197 
