  0.000000e+00  15.102713  15.102713  15.102713 1.000000
  5.000000e-03  14.008328  13.550142  13.550142 0.493557
  1.000000e-02  12.829197  12.248532  12.970192  0.197969 
  1.500000e-02  11.847713  11.252009  12.517867  0.159749 
  2.000000e-02  11.071332  10.474786  12.022636  0.144286 
  2.500000e-02  10.410047  9.825261  11.519096  0.137765 
  3.000000e-02  9.875634  9.310116  11.055255  0.134913 
  3.500000e-02  9.476149  8.924286  10.626506  0.133648 
  4.000000e-02  9.176299  8.630637  10.237452  0.133090 
  4.500000e-02  8.935788  8.393642  9.889703  0.132814 
  5.000000e-02  8.727251  8.187724  9.577953  0.132654 
  5.500000e-02  8.537876  8.001019  9.298793  0.132552 
  6.000000e-02  8.364112  7.831169  9.047726  0.132489 
  6.500000e-02  8.203993  7.677087  8.818653  0.132456 
  7.000000e-02  8.053645  7.534952  8.606509  0.132446 
  7.500000e-02  7.908966  7.400032  8.408634  0.132452 
  8.000000e-02  7.767993  7.269513  8.223744  0.132466 
  8.500000e-02  7.631178  7.143124  8.050823  0.132483 
  9.000000e-02  7.500490  7.022313  7.889013  0.132499 
  9.500000e-02  7.378455  6.909251  7.737654  0.132512 
  1.000000e-01  7.267111  6.805752  7.595983  0.132525 
  1.050000e-01  7.166997  6.712241  7.462933  0.132538 
  1.100000e-01  7.076815  6.627407  7.337353  0.132551 
  1.150000e-01  6.994112  6.548838  7.218369  0.132563 
  1.200000e-01  6.916463  6.474187  7.105518  0.132575 
  1.250000e-01  6.842359  6.402049  6.998604  0.132586 
  1.300000e-01  6.771375  6.332140  6.897456  0.132596 
  1.350000e-01  6.703732  6.264884  6.801788  0.132607 
  1.400000e-01  6.639685  6.200789  6.711176  0.132618 
  1.450000e-01  6.579107  6.139999  6.625146  0.132629 
  1.500000e-01  6.521419  6.082185  6.543271  0.132642 
  1.550000e-01  6.465839  6.026736  6.465243  0.132654 
  1.600000e-01  6.411733  5.973098  6.390899  0.132665 
  1.650000e-01  6.358916  5.921075  6.320195  0.132676 
  1.700000e-01  6.307769  5.870974  6.253163  0.132686 
  1.750000e-01  6.259150  5.823551  6.189860  0.132696 
  1.800000e-01  6.214156  5.779805  6.130322  0.132705 
  1.850000e-01  6.173808  5.740677  6.074527  0.132716 
  1.900000e-01  6.138768  5.706775  6.022380  0.132728 
  1.950000e-01  6.109145  5.678176  5.973701  0.132741 
  2.000000e-01  6.084435  5.654358  5.928236  0.132755 
  2.050000e-01  6.063586  5.634267  5.885668  0.132770 
  2.100000e-01  6.045168  5.616477  5.845631  0.132785 
  2.150000e-01  6.027588  5.599404  5.807734  0.132800 
  2.200000e-01  6.009319  5.581531  5.771578  0.132813 
  2.250000e-01  5.989084  5.561598  5.736775  0.132825 
  2.300000e-01  5.966000  5.538732  5.702968  0.132834 
  2.350000e-01  5.939633  5.512514  5.669837  0.132841 
  2.400000e-01  5.909990  5.482967  5.637109  0.132845 
  2.450000e-01  5.877448  5.450480  5.604563  0.132848 
  2.500000e-01  5.842640  5.415705  5.572026  0.132850 
  2.550000e-01  5.806325  5.379411  5.539374  0.132850 
  2.600000e-01  5.769256  5.342368  5.506533  0.132849 
  2.650000e-01  5.732089  5.305240  5.473471  0.132848 
  2.700000e-01  5.695320  5.268527  5.440204  0.132847 
  2.750000e-01  5.659272  5.232553  5.406783  0.132846 
  2.800000e-01  5.624112  5.197480  5.373289  0.132845 
  2.850000e-01  5.589893  5.163356  5.339822  0.132844 
  2.900000e-01  5.556597  5.130156  5.306485  0.132845 
  2.950000e-01  5.524173  5.097824  5.273376  0.132845 
  3.000000e-01  5.492561  5.066295  5.240575  0.132846 
  3.050000e-01  5.461699  5.035505  5.208141  0.132848 
  3.100000e-01  5.431530  5.005395  5.176117  0.132849 
  3.150000e-01  5.401997  4.975910  5.144528  0.132851 
  3.200000e-01  5.373046  4.946995  5.113385  0.132854 
  3.250000e-01  5.344624  4.918601  5.082694  0.132856 
  3.300000e-01  5.316685  4.890681  5.052453  0.132858 
  3.350000e-01  5.289186  4.863196  5.022657  0.132861 
  3.400000e-01  5.262096  4.836115  4.993297  0.132864 
  3.450000e-01  5.235395  4.809420  4.964367  0.132866 
  3.500000e-01  5.209073  4.783102  4.935859  0.132869 
  3.550000e-01  5.183133  4.757166  4.907768  0.132872 
  3.600000e-01  5.157591  4.731626  4.880093  0.132874 
  3.650000e-01  5.132470  4.706508  4.852835  0.132877 
  3.700000e-01  5.107799  4.681840  4.825998  0.132879 
  3.750000e-01  5.083611  4.657655  4.799590  0.132881 
  3.800000e-01  5.059935  4.633982  4.773619  0.132883 
  3.850000e-01  5.036794  4.610847  4.748095  0.132885 
  3.900000e-01  5.014205  4.588264  4.723026  0.132886 
  3.950000e-01  4.992172  4.566237  4.698422  0.132888 
  4.000000e-01  4.970686  4.544761  4.674286  0.132889 
  4.050000e-01  4.949730  4.523816  4.650622  0.132890 
  4.100000e-01  4.929275  4.503374  4.627431  0.132891 
  4.150000e-01  4.909288  4.483402  4.604709  0.132893 
  4.200000e-01  4.889733  4.463865  4.582454  0.132894 
  4.250000e-01  4.870577  4.444729  4.560659  0.132895 
  4.300000e-01  4.851794  4.425968  4.539319  0.132896 
  4.350000e-01  4.833365  4.407561  4.518428  0.132897 
  4.400000e-01  4.815282  4.389501  4.497981  0.132898 
  4.450000e-01  4.797546  4.371788  4.477972  0.132899 
  4.500000e-01  4.780167  4.354432  4.458397  0.132900 
  4.550000e-01  4.763161  4.337447  4.439252  0.132901 
  4.600000e-01  4.746544  4.320852  4.420535  0.132902 
  4.650000e-01  4.730335  4.304662  4.402242  0.132903 
  4.700000e-01  4.714545  4.288890  4.384370  0.132904 
  4.750000e-01  4.699182  4.273545  4.366916  0.132905 
  4.800000e-01  4.684247  4.258627  4.349877  0.132907 
  4.850000e-01  4.669734  4.244131  4.333249  0.132908 
  4.900000e-01  4.655633  4.230046  4.317027  0.132909 
  4.950000e-01  4.641929  4.216359  4.301205  0.132911 
  5.000000e-01  4.628606  4.203051  4.285778  0.132912 
  5.050000e-01  4.615645  4.190105  4.270738  0.132914 
  5.100000e-01  4.603030  4.177505  4.256078  0.132915 
  5.150000e-01  4.590744  4.165233  4.241788  0.132917 
  5.200000e-01  4.578773  4.153275  4.227861  0.132918 
  5.250000e-01  4.567104  4.141618  4.214286  0.132920 
  5.300000e-01  4.555725  4.130250  4.201053  0.132921 
  5.350000e-01  4.544625  4.119159  4.188153  0.132923 
  5.400000e-01  4.533796  4.108337  4.175575  0.132924 
  5.450000e-01  4.523228  4.097776  4.163311  0.132925 
  5.500000e-01  4.512913  4.087465  4.151349  0.132927 
  5.550000e-01  4.502843  4.077399  4.139681  0.132928 
  5.600000e-01  4.493013  4.067571  4.128299  0.132929 
  5.650000e-01  4.483415  4.057973  4.117193  0.132930 
  5.700000e-01  4.474044  4.048602  4.106357  0.132931 
  5.750000e-01  4.464894  4.039450  4.095782  0.132932 
  5.800000e-01  4.455961  4.030516  4.085462  0.132933 
  5.850000e-01  4.447242  4.021793  4.075390  0.132934 
  5.900000e-01  4.438733  4.013279  4.065560  0.132935 
  5.950000e-01  4.430430  4.004972  4.055967  0.132936 
  6.000000e-01  4.422330  3.996867  4.046606  0.132936 
  6.050000e-01  4.414432  3.988963  4.037471  0.132937 
  6.100000e-01  4.406732  3.981257  4.028559  0.132938 
  6.150000e-01  4.399228  3.973747  4.019865  0.132938 
  6.200000e-01  4.391920  3.966431  4.011387  0.132939 
  6.250000e-01  4.384804  3.959308  4.003120  0.132940 
  6.300000e-01  4.377880  3.952376  3.995062  0.132940 
  6.350000e-01  4.371147  3.945635  3.987211  0.132941 
  6.400000e-01  4.364604  3.939084  3.979564  0.132941 
  6.450000e-01  4.358251  3.932723  3.972120  0.132942 
  6.500000e-01  4.352088  3.926551  3.964877  0.132942 
  6.550000e-01  4.346115  3.920570  3.957833  0.132943 
  6.600000e-01  4.340333  3.914778  3.950987  0.132943 
  6.650000e-01  4.334741  3.909177  3.944338  0.132944 
  6.700000e-01  4.329339  3.903767  3.937885  0.132944 
  6.750000e-01  4.324127  3.898547  3.931627  0.132945 
  6.800000e-01  4.319104  3.893516  3.925562  0.132945 
  6.850000e-01  4.314269  3.888673  3.919690  0.132946 
  6.900000e-01  4.309619  3.884016  3.914010  0.132947 
  6.950000e-01  4.305154  3.879544  3.908519  0.132947 
  7.000000e-01  4.300871  3.875254  3.903217  0.132948 
  7.050000e-01  4.296765  3.871143  3.898101  0.132948 
  7.100000e-01  4.292835  3.867207  3.893170  0.132949 
  7.150000e-01  4.289076  3.863444  3.888421  0.132949 
  7.200000e-01  4.285485  3.859848  3.883852  0.132950 
  7.250000e-01  4.282058  3.856416  3.879460  0.132950 
  7.300000e-01  4.278789  3.853144  3.875242  0.132951 
  7.350000e-01  4.275676  3.850027  3.871196  0.132951 
  7.400000e-01  4.272712  3.847061  3.867317  0.132952 
  7.450000e-01  4.269895  3.844242  3.863603  0.132952 
  7.500000e-01  4.267219  3.841564  3.860050  0.132953 
  7.550000e-01  4.264680  3.839023  3.856654  0.132953 
  7.600000e-01  4.262273  3.836614  3.853411  0.132954 
  7.650000e-01  4.259992  3.834333  3.850317  0.132954 
  7.700000e-01  4.257835  3.832174  3.847368  0.132955 
  7.750000e-01  4.255795  3.830134  3.844560  0.132955 
  7.800000e-01  4.253868  3.828207  3.841889  0.132956 
  7.850000e-01  4.252050  3.826389  3.839349  0.132956 
  7.900000e-01  4.250336  3.824675  3.836938  0.132956 
  7.950000e-01  4.248720  3.823060  3.834650  0.132957 
  8.000000e-01  4.247200  3.821540  3.832481  0.132957 
  8.050000e-01  4.245770  3.820111  3.830427  0.132958 
  8.100000e-01  4.244427  3.818769  3.828484  0.132958 
  8.150000e-01  4.243165  3.817508  3.826646  0.132958 
  8.200000e-01  4.241981  3.816326  3.824910  0.132959 
  8.250000e-01  4.240871  3.815217  3.823272  0.132959 
  8.300000e-01  4.239832  3.814179  3.821727  0.132960 
  8.350000e-01  4.238858  3.813207  3.820271  0.132960 
  8.400000e-01  4.237948  3.812299  3.818900  0.132960 
  8.450000e-01  4.237097  3.811449  3.817610  0.132961 
  8.500000e-01  4.236301  3.810656  3.816398  0.132961 
  8.550000e-01  4.235559  3.809915  3.815260  0.132961 
  8.600000e-01  4.234867  3.809224  3.814192  0.132961 
  8.650000e-01  4.234221  3.808580  3.813190  0.132962 
  8.700000e-01  4.233619  3.807980  3.812251  0.132962 
  8.750000e-01  4.233059  3.807422  3.811372  0.132962 
  8.800000e-01  4.232538  3.806902  3.810550  0.132962 
  8.850000e-01  4.232053  3.806419  3.809781  0.132963 
  8.900000e-01  4.231602  3.805970  3.809062  0.132963 
  8.950000e-01  4.231182  3.805553  3.808392  0.132963 
  9.000000e-01  4.230793  3.805165  3.807766  0.132963 
  9.050000e-01  4.230432  3.804805  3.807183  0.132964 
  9.100000e-01  4.230096  3.804471  3.806639  0.132964 
  9.150000e-01  4.229785  3.804162  3.806133  0.132964 
  9.200000e-01  4.229496  3.803874  3.805662  0.132964 
  9.250000e-01  4.229228  3.803608  3.805224  0.132964 
  9.300000e-01  4.228979  3.803361  3.804817  0.132964 
  9.350000e-01  4.228749  3.803132  3.804439  0.132964 
  9.400000e-01  4.228535  3.802920  3.804088  0.132965 
  9.450000e-01  4.228337  3.802723  3.803763  0.132965 
  9.500000e-01  4.228154  3.802541  3.803461  0.132965 
  9.550000e-01  4.227984  3.802372  3.803181  0.132965 
  9.600000e-01  4.227826  3.802216  3.802922  0.132965 
  9.650000e-01  4.227680  3.802071  3.802682  0.132965 
  9.700000e-01  4.227544  3.801937  3.802460  0.132965 
  9.750000e-01  4.227418  3.801812  3.802255  0.132965 
  9.800000e-01  4.227302  3.801697  3.802065  0.132965 
  9.850000e-01  4.227194  3.801590  3.801890  0.132965 
  9.900000e-01  4.227094  3.801490  3.801728  0.132966 
  9.950000e-01  4.227000  3.801398  3.801579  0.132966 
  1.000000e+00  4.226914  3.801313  3.801441  0.132966 
  1.005000e+00  4.226834  3.801233  3.801313  0.132966 
  1.010000e+00  4.226759  3.801159  3.801196  0.132966 
  1.015000e+00  4.226690  3.801091  3.801088  0.132966 
  1.020000e+00  4.226625  3.801027  3.800988  0.132966 
  1.025000e+00  4.226565  3.800967  3.800896  0.132966 
  1.030000e+00  4.226509  3.800912  3.800811  0.132966 
  1.035000e+00  4.226456  3.800860  3.800733  0.132966 
  1.040000e+00  4.226407  3.800812  3.800661  0.132966 
  1.045000e+00  4.226362  3.800767  3.800595  0.132966 
  1.050000e+00  4.226319  3.800725  3.800534  0.132966 
  1.055000e+00  4.226279  3.800685  3.800478  0.132966 
  1.060000e+00  4.226241  3.800648  3.800426  0.132966 
  1.065000e+00  4.226206  3.800613  3.800378  0.132966 
  1.070000e+00  4.226172  3.800580  3.800335  0.132966 
  1.075000e+00  4.226141  3.800549  3.800294  0.132966 
  1.080000e+00  4.226111  3.800520  3.800257  0.132966 
  1.085000e+00  4.226083  3.800492  3.800222  0.132966 
  1.090000e+00  4.226057  3.800466  3.800191  0.132966 
  1.095000e+00  4.226032  3.800442  3.800161  0.132966 
  1.100000e+00  4.226008  3.800418  3.800134  0.132966 
  1.105000e+00  4.225985  3.800396  3.800109  0.132966 
  1.110000e+00  4.225964  3.800374  3.800086  0.132966 
  1.115000e+00  4.225943  3.800354  3.800065  0.132966 
  1.120000e+00  4.225924  3.800335  3.800045  0.132966 
  1.125000e+00  4.225905  3.800316  3.800027  0.132966 
  1.130000e+00  4.225887  3.800298  3.800010  0.132966 
  1.135000e+00  4.225869  3.800281  3.799994  0.132967 
  1.140000e+00  4.225853  3.800265  3.799979  0.132967 
  1.145000e+00  4.225837  3.800249  3.799965  0.132967 
  1.150000e+00  4.225821  3.800234  3.799952  0.132967 
  1.155000e+00  4.225806  3.800219  3.799940  0.132967 
  1.160000e+00  4.225792  3.800205  3.799929  0.132967 
  1.165000e+00  4.225778  3.800191  3.799918  0.132967 
  1.170000e+00  4.225765  3.800178  3.799908  0.132967 
  1.175000e+00  4.225752  3.800165  3.799899  0.132967 
  1.180000e+00  4.225739  3.800152  3.799890  0.132967 
  1.185000e+00  4.225727  3.800140  3.799882  0.132967 
  1.190000e+00  4.225715  3.800128  3.799874  0.132967 
  1.195000e+00  4.225703  3.800117  3.799866  0.132967 
  1.200000e+00  4.225692  3.800106  3.799859  0.132967 
  1.205000e+00  4.225681  3.800095  3.799852  0.132967 
  1.210000e+00  4.225670  3.800084  3.799846  0.132967 
  1.215000e+00  4.225660  3.800074  3.799839  0.132967 
  1.220000e+00  4.225650  3.800064  3.799834  0.132967 
  1.225000e+00  4.225640  3.800054  3.799828  0.132967 
  1.230000e+00  4.225630  3.800045  3.799822  0.132967 
  1.235000e+00  4.225621  3.800035  3.799817  0.132967 
  1.240000e+00  4.225612  3.800026  3.799812  0.132967 
  1.245000e+00  4.225603  3.800017  3.799807  0.132967 
  1.250000e+00  4.225594  3.800008  3.799802  0.132967 
  1.255000e+00  4.225585  3.800000  3.799798  0.132967 
  1.260000e+00  4.225577  3.799991  3.799793  0.132967 
  1.265000e+00  4.225569  3.799983  3.799789  0.132967 
  1.270000e+00  4.225561  3.799975  3.799785  0.132967 
  1.275000e+00  4.225553  3.799967  3.799781  0.132967 
  1.280000e+00  4.225545  3.799959  3.799777  0.132967 
  1.285000e+00  4.225537  3.799952  3.799773  0.132967 
  1.290000e+00  4.225530  3.799945  3.799769  0.132967 
  1.295000e+00  4.225523  3.799937  3.799765  0.132967 
  1.300000e+00  4.225516  3.799930  3.799762  0.132967 
  1.305000e+00  4.225509  3.799923  3.799758  0.132967 
  1.310000e+00  4.225502  3.799917  3.799755  0.132967 
  1.315000e+00  4.225495  3.799910  3.799751  0.132967 
  1.320000e+00  4.225489  3.799903  3.799748  0.132967 
  1.325000e+00  4.225482  3.799897  3.799745  0.132967 
  1.330000e+00  4.225476  3.799891  3.799742  0.132967 
  1.335000e+00  4.225470  3.799885  3.799739  0.132967 
  1.340000e+00  4.225464  3.799879  3.799736  0.132967 
  1.345000e+00  4.225458  3.799873  3.799733  0.132967 
  1.350000e+00  4.225452  3.799867  3.799730  0.132967 
  1.355000e+00  4.225447  3.799861  3.799727  0.132967 
  1.360000e+00  4.225441  3.799856  3.799724  0.132967 
  1.365000e+00  4.225436  3.799850  3.799722  0.132967 
  1.370000e+00  4.225431  3.799845  3.799719  0.132967 
  1.375000e+00  4.225425  3.799840  3.799716  0.132967 
  1.380000e+00  4.225420  3.799835  3.799714  0.132967 
  1.385000e+00  4.225415  3.799830  3.799711  0.132967 
  1.390000e+00  4.225411  3.799825  3.799709  0.132967 
  1.395000e+00  4.225406  3.799820  3.799707  0.132967 
  1.400000e+00  4.225401  3.799816  3.799704  0.132967 
  1.405000e+00  4.225397  3.799811  3.799702  0.132967 
  1.410000e+00  4.225392  3.799807  3.799700  0.132967 
  1.415000e+00  4.225388  3.799802  3.799697  0.132967 
  1.420000e+00  4.225383  3.799798  3.799695  0.132967 
  1.425000e+00  4.225379  3.799794  3.799693  0.132967 
  1.430000e+00  4.225375  3.799789  3.799691  0.132967 
  1.435000e+00  4.225371  3.799785  3.799689  0.132967 
  1.440000e+00  4.225367  3.799781  3.799687  0.132967 
  1.445000e+00  4.225363  3.799778  3.799685  0.132967 
  1.450000e+00  4.225359  3.799774  3.799683  0.132967 
  1.455000e+00  4.225356  3.799770  3.799681  0.132967 
  1.460000e+00  4.225352  3.799766  3.799679  0.132967 
  1.465000e+00  4.225349  3.799763  3.799678  0.132967 
  1.470000e+00  4.225345  3.799759  3.799676  0.132967 
  1.475000e+00  4.225342  3.799756  3.799674  0.132967 
  1.480000e+00  4.225338  3.799753  3.799672  0.132967 
  1.485000e+00  4.225335  3.799749  3.799671  0.132967 
  1.490000e+00  4.225332  3.799746  3.799669  0.132967 
  1.495000e+00  4.225329  3.799743  3.799668  0.132967 
  1.500000e+00  4.225326  3.799740  3.799666  0.132967 
  1.505000e+00  4.225323  3.799737  3.799664  0.132967 
  1.510000e+00  4.225320  3.799734  3.799663  0.132967 
  1.515000e+00  4.225317  3.799731  3.799661  0.132967 
  1.520000e+00  4.225314  3.799728  3.799660  0.132967 
  1.525000e+00  4.225311  3.799725  3.799659  0.132967 
  1.530000e+00  4.225308  3.799723  3.799657  0.132967 
  1.535000e+00  4.225306  3.799720  3.799656  0.132967 
  1.540000e+00  4.225303  3.799717  3.799655  0.132967 
  1.545000e+00  4.225301  3.799715  3.799653  0.132967 
  1.550000e+00  4.225298  3.799712  3.799652  0.132967 
  1.555000e+00  4.225296  3.799710  3.799651  0.132967 
  1.560000e+00  4.225293  3.799707  3.799650  0.132967 
  1.565000e+00  4.225291  3.799705  3.799648  0.132967 
  1.570000e+00  4.225289  3.799703  3.799647  0.132967 
  1.575000e+00  4.225286  3.799700  3.799646  0.132967 
  1.580000e+00  4.225284  3.799698  3.799645  0.132967 
  1.585000e+00  4.225282  3.799696  3.799644  0.132967 
  1.590000e+00  4.225280  3.799694  3.799643  0.132967 
  1.595000e+00  4.225278  3.799692  3.799642  0.132967 
  1.600000e+00  4.225276  3.799690  3.799641  0.132967 
  1.605000e+00  4.225274  3.799688  3.799640  0.132967 
  1.610000e+00  4.225272  3.799686  3.799639  0.132967 
  1.615000e+00  4.225270  3.799684  3.799638  0.132967 
  1.620000e+00  4.225268  3.799682  3.799637  0.132967 
  1.625000e+00  4.225266  3.799680  3.799636  0.132967 
  1.630000e+00  4.225264  3.799678  3.799635  0.132967 
  1.635000e+00  4.225263  3.799677  3.799634  0.132967 
  1.640000e+00  4.225261  3.799675  3.799633  0.132967 
  1.645000e+00  4.225259  3.799673  3.799632  0.132967 
  1.650000e+00  4.225258  3.799672  3.799631  0.132967 
  1.655000e+00  4.225256  3.799670  3.799631  0.132967 
  1.660000e+00  4.225254  3.799668  3.799630  0.132967 
  1.665000e+00  4.225253  3.799667  3.799629  0.132967 
  1.670000e+00  4.225251  3.799665  3.799628  0.132967 
  1.675000e+00  4.225250  3.799664  3.799628  0.132967 
  1.680000e+00  4.225248  3.799662  3.799627  0.132967 
  1.685000e+00  4.225247  3.799661  3.799626  0.132967 
  1.690000e+00  4.225246  3.799660  3.799625  0.132967 
  1.695000e+00  4.225244  3.799658  3.799625  0.132967 
  1.700000e+00  4.225243  3.799657  3.799624  0.132967 
  1.705000e+00  4.225242  3.799655  3.799623  0.132967 
  1.710000e+00  4.225240  3.799654  3.799623  0.132967 
  1.715000e+00  4.225239  3.799653  3.799622  0.132967 
  1.720000e+00  4.225238  3.799652  3.799621  0.132967 
  1.725000e+00  4.225237  3.799650  3.799621  0.132967 
  1.730000e+00  4.225235  3.799649  3.799620  0.132967 
  1.735000e+00  4.225234  3.799648  3.799620  0.132967 
  1.740000e+00  4.225233  3.799647  3.799619  0.132967 
  1.745000e+00  4.225232  3.799646  3.799618  0.132967 
  1.750000e+00  4.225231  3.799645  3.799618  0.132967 
  1.755000e+00  4.225230  3.799644  3.799617  0.132967 
  1.760000e+00  4.225229  3.799643  3.799617  0.132967 
  1.765000e+00  4.225228  3.799642  3.799616  0.132967 
  1.770000e+00  4.225227  3.799641  3.799616  0.132967 
  1.775000e+00  4.225226  3.799640  3.799615  0.132967 
  1.780000e+00  4.225225  3.799639  3.799615  0.132967 
  1.785000e+00  4.225224  3.799638  3.799614  0.132967 
  1.790000e+00  4.225223  3.799637  3.799614  0.132967 
  1.795000e+00  4.225222  3.799636  3.799613  0.132967 
  1.800000e+00  4.225221  3.799635  3.799613  0.132967 
  1.805000e+00  4.225220  3.799634  3.799613  0.132967 
  1.810000e+00  4.225219  3.799633  3.799612  0.132967 
  1.815000e+00  4.225218  3.799632  3.799612  0.132967 
  1.820000e+00  4.225218  3.799631  3.799611  0.132967 
  1.825000e+00  4.225217  3.799631  3.799611  0.132967 
  1.830000e+00  4.225216  3.799630  3.799610  0.132967 
  1.835000e+00  4.225215  3.799629  3.799610  0.132967 
  1.840000e+00  4.225215  3.799628  3.799610  0.132967 
  1.845000e+00  4.225214  3.799628  3.799609  0.132967 
  1.850000e+00  4.225213  3.799627  3.799609  0.132967 
  1.855000e+00  4.225212  3.799626  3.799609  0.132967 
  1.860000e+00  4.225212  3.799625  3.799608  0.132967 
  1.865000e+00  4.225211  3.799625  3.799608  0.132967 
  1.870000e+00  4.225210  3.799624  3.799608  0.132967 
  1.875000e+00  4.225210  3.799623  3.799607  0.132967 
  1.880000e+00  4.225209  3.799623  3.799607  0.132967 
  1.885000e+00  4.225208  3.799622  3.799607  0.132967 
  1.890000e+00  4.225208  3.799621  3.799606  0.132967 
  1.895000e+00  4.225207  3.799621  3.799606  0.132967 
  1.900000e+00  4.225207  3.799620  3.799606  0.132967 
  1.905000e+00  4.225206  3.799620  3.799605  0.132967 
  1.910000e+00  4.225205  3.799619  3.799605  0.132967 
  1.915000e+00  4.225205  3.799619  3.799605  0.132967 
  1.920000e+00  4.225204  3.799618  3.799605  0.132967 
  1.925000e+00  4.225204  3.799617  3.799604  0.132967 
  1.930000e+00  4.225203  3.799617  3.799604  0.132967 
  1.935000e+00  4.225203  3.799616  3.799604  0.132967 
  1.940000e+00  4.225202  3.799616  3.799603  0.132967 
  1.945000e+00  4.225202  3.799615  3.799603  0.132967 
  1.950000e+00  4.225201  3.799615  3.799603  0.132967 
  1.955000e+00  4.225201  3.799614  3.799603  0.132967 
  1.960000e+00  4.225200  3.799614  3.799602  0.132967 
  1.965000e+00  4.225200  3.799614  3.799602  0.132967 
  1.970000e+00  4.225199  3.799613  3.799602  0.132967 
  1.975000e+00  4.225199  3.799613  3.799602  0.132967 
  1.980000e+00  4.225198  3.799612  3.799602  0.132967 
  1.985000e+00  4.225198  3.799612  3.799601  0.132967 
  1.990000e+00  4.225198  3.799611  3.799601  0.132967 
  1.995000e+00  4.225197  3.799611  3.799601  0.132967 
  2.000000e+00  4.225197  3.799611  3.799601  0.132967 
  2.005000e+00  4.225196  3.799610  3.799601  0.132967 
  2.010000e+00  4.225196  3.799610  3.799600  0.132967 
  2.015000e+00  4.225196  3.799609  3.799600  0.132967 
  2.020000e+00  4.225195  3.799609  3.799600  0.132967 
  2.025000e+00  4.225195  3.799609  3.799600  0.132967 
  2.030000e+00  4.225195  3.799608  3.799600  0.132967 
  2.035000e+00  4.225194  3.799608  3.799599  0.132967 
  2.040000e+00  4.225194  3.799608  3.799599  0.132967 
  2.045000e+00  4.225194  3.799607  3.799599  0.132967 
  2.050000e+00  4.225193  3.799607  3.799599  0.132967 
  2.055000e+00  4.225193  3.799607  3.799599  0.132967 
  2.060000e+00  4.225193  3.799606  3.799599  0.132967 
  2.065000e+00  4.225192  3.799606  3.799599  0.132967 
  2.070000e+00  4.225192  3.799606  3.799598  0.132967 
  2.075000e+00  4.225192  3.799605  3.799598  0.132967 
  2.080000e+00  4.225191  3.799605  3.799598  0.132967 
  2.085000e+00  4.225191  3.799605  3.799598  0.132967 
  2.090000e+00  4.225191  3.799605  3.799598  0.132967 
  2.095000e+00  4.225191  3.799604  3.799598  0.132967 
  2.100000e+00  4.225190  3.799604  3.799598  0.132967 
  2.105000e+00  4.225190  3.799604  3.799597  0.132967 
  2.110000e+00  4.225190  3.799604  3.799597  0.132967 
  2.115000e+00  4.225190  3.799603  3.799597  0.132967 
  2.120000e+00  4.225189  3.799603  3.799597  0.132967 
  2.125000e+00  4.225189  3.799603  3.799597  0.132967 
  2.130000e+00  4.225189  3.799603  3.799597  0.132967 
  2.135000e+00  4.225189  3.799602  3.799597  0.132967 
  2.140000e+00  4.225188  3.799602  3.799597  0.132967 
  2.145000e+00  4.225188  3.799602  3.799596  0.132967 
  2.150000e+00  4.225188  3.799602  3.799596  0.132967 
  2.155000e+00  4.225188  3.799601  3.799596  0.132967 
  2.160000e+00  4.225188  3.799601  3.799596  0.132967 
  2.165000e+00  4.225187  3.799601  3.799596  0.132967 
  2.170000e+00  4.225187  3.799601  3.799596  0.132967 
  2.175000e+00  4.225187  3.799601  3.799596  0.132967 
  2.180000e+00  4.225187  3.799600  3.799596  0.132967 
  2.185000e+00  4.225187  3.799600  3.799596  0.132967 
  2.190000e+00  4.225186  3.799600  3.799596  0.132967 
  2.195000e+00  4.225186  3.799600  3.799595  0.132967 
  2.200000e+00  4.225186  3.799600  3.799595  0.132967 
  2.205000e+00  4.225186  3.799600  3.799595  0.132967 
  2.210000e+00  4.225186  3.799599  3.799595  0.132967 
  2.215000e+00  4.225185  3.799599  3.799595  0.132967 
  2.220000e+00  4.225185  3.799599  3.799595  0.132967 
  2.225000e+00  4.225185  3.799599  3.799595  0.132967 
  2.230000e+00  4.225185  3.799599  3.799595  0.132967 
  2.235000e+00  4.225185  3.799599  3.799595  0.132967 
  2.240000e+00  4.225185  3.799598  3.799595  0.132967 
  2.245000e+00  4.225185  3.799598  3.799595  0.132967 
  2.250000e+00  4.225184  3.799598  3.799595  0.132967 
  2.255000e+00  4.225184  3.799598  3.799594  0.132967 
  2.260000e+00  4.225184  3.799598  3.799594  0.132967 
  2.265000e+00  4.225184  3.799598  3.799594  0.132967 
  2.270000e+00  4.225184  3.799598  3.799594  0.132967 
  2.275000e+00  4.225184  3.799597  3.799594  0.132967 
  2.280000e+00  4.225184  3.799597  3.799594  0.132967 
  2.285000e+00  4.225183  3.799597  3.799594  0.132967 
  2.290000e+00  4.225183  3.799597  3.799594  0.132967 
  2.295000e+00  4.225183  3.799597  3.799594  0.132967 
  2.300000e+00  4.225183  3.799597  3.799594  0.132967 
  2.305000e+00  4.225183  3.799597  3.799594  0.132967 
  2.310000e+00  4.225183  3.799597  3.799594  0.132967 
  2.315000e+00  4.225183  3.799596  3.799594  0.132967 
  2.320000e+00  4.225183  3.799596  3.799594  0.132967 
  2.325000e+00  4.225183  3.799596  3.799594  0.132967 
  2.330000e+00  4.225182  3.799596  3.799594  0.132967 
  2.335000e+00  4.225182  3.799596  3.799594  0.132967 
  2.340000e+00  4.225182  3.799596  3.799593  0.132967 
  2.345000e+00  4.225182  3.799596  3.799593  0.132967 
  2.350000e+00  4.225182  3.799596  3.799593  0.132967 
  2.355000e+00  4.225182  3.799596  3.799593  0.132967 
  2.360000e+00  4.225182  3.799596  3.799593  0.132967 
  2.365000e+00  4.225182  3.799595  3.799593  0.132967 
  2.370000e+00  4.225182  3.799595  3.799593  0.132967 
  2.375000e+00  4.225182  3.799595  3.799593  0.132967 
  2.380000e+00  4.225182  3.799595  3.799593  0.132967 
  2.385000e+00  4.225181  3.799595  3.799593  0.132967 
  2.390000e+00  4.225181  3.799595  3.799593  0.132967 
  2.395000e+00  4.225181  3.799595  3.799593  0.132967 
  2.400000e+00  4.225181  3.799595  3.799593  0.132967 
  2.405000e+00  4.225181  3.799595  3.799593  0.132967 
  2.410000e+00  4.225181  3.799595  3.799593  0.132967 
  2.415000e+00  4.225181  3.799595  3.799593  0.132967 
  2.420000e+00  4.225181  3.799595  3.799593  0.132967 
  2.425000e+00  4.225181  3.799595  3.799593  0.132967 
  2.430000e+00  4.225181  3.799594  3.799593  0.132967 
  2.435000e+00  4.225181  3.799594  3.799593  0.132967 
  2.440000e+00  4.225181  3.799594  3.799593  0.132967 
  2.445000e+00  4.225181  3.799594  3.799593  0.132967 
  2.450000e+00  4.225180  3.799594  3.799593  0.132967 
  2.455000e+00  4.225180  3.799594  3.799593  0.132967 
  2.460000e+00  4.225180  3.799594  3.799593  0.132967 
  2.465000e+00  4.225180  3.799594  3.799592  0.132967 
  2.470000e+00  4.225180  3.799594  3.799592  0.132967 
  2.475000e+00  4.225180  3.799594  3.799592  0.132967 
  2.480000e+00  4.225180  3.799594  3.799592  0.132967 
  2.485000e+00  4.225180  3.799594  3.799592  0.132967 
  2.490000e+00  4.225180  3.799594  3.799592  0.132967 
  2.495000e+00  4.225180  3.799594  3.799592  0.132967 
  2.500000e+00  4.225180  3.799594  3.799592  0.132967 
  2.505000e+00  4.225180  3.799594  3.799592  0.132967 
  2.510000e+00  4.225180  3.799593  3.799592  0.132967 
  2.515000e+00  4.225180  3.799593  3.799592  0.132967 
  2.520000e+00  4.225180  3.799593  3.799592  0.132967 
  2.525000e+00  4.225180  3.799593  3.799592  0.132967 
  2.530000e+00  4.225180  3.799593  3.799592  0.132967 
  2.535000e+00  4.225180  3.799593  3.799592  0.132967 
  2.540000e+00  4.225180  3.799593  3.799592  0.132967 
  2.545000e+00  4.225179  3.799593  3.799592  0.132967 
  2.550000e+00  4.225179  3.799593  3.799592  0.132967 
  2.555000e+00  4.225179  3.799593  3.799592  0.132967 
  2.560000e+00  4.225179  3.799593  3.799592  0.132967 
  2.565000e+00  4.225179  3.799593  3.799592  0.132967 
  2.570000e+00  4.225179  3.799593  3.799592  0.132967 
  2.575000e+00  4.225179  3.799593  3.799592  0.132967 
  2.580000e+00  4.225179  3.799593  3.799592  0.132967 
  2.585000e+00  4.225179  3.799593  3.799592  0.132967 
  2.590000e+00  4.225179  3.799593  3.799592  0.132967 
  2.595000e+00  4.225179  3.799593  3.799592  0.132967 
  2.600000e+00  4.225179  3.799593  3.799592  0.132967 
  2.605000e+00  4.225179  3.799593  3.799592  0.132967 
  2.610000e+00  4.225179  3.799593  3.799592  0.132967 
  2.615000e+00  4.225179  3.799593  3.799592  0.132967 
  2.620000e+00  4.225179  3.799593  3.799592  0.132967 
  2.625000e+00  4.225179  3.799593  3.799592  0.132967 
  2.630000e+00  4.225179  3.799593  3.799592  0.132967 
  2.635000e+00  4.225179  3.799592  3.799592  0.132967 
  2.640000e+00  4.225179  3.799592  3.799592  0.132967 
  2.645000e+00  4.225179  3.799592  3.799592  0.132967 
  2.650000e+00  4.225179  3.799592  3.799592  0.132967 
  2.655000e+00  4.225179  3.799592  3.799592  0.132967 
  2.660000e+00  4.225179  3.799592  3.799592  0.132967 
  2.665000e+00  4.225179  3.799592  3.799592  0.132967 
  2.670000e+00  4.225179  3.799592  3.799592  0.132967 
  2.675000e+00  4.225179  3.799592  3.799592  0.132967 
  2.680000e+00  4.225179  3.799592  3.799592  0.132967 
  2.685000e+00  4.225179  3.799592  3.799592  0.132967 
  2.690000e+00  4.225179  3.799592  3.799592  0.132967 
  2.695000e+00  4.225178  3.799592  3.799592  0.132967 
  2.700000e+00  4.225178  3.799592  3.799592  0.132967 
  2.705000e+00  4.225178  3.799592  3.799592  0.132967 
  2.710000e+00  4.225178  3.799592  3.799592  0.132967 
  2.715000e+00  4.225178  3.799592  3.799592  0.132967 
  2.720000e+00  4.225178  3.799592  3.799592  0.132967 
  2.725000e+00  4.225178  3.799592  3.799592  0.132967 
  2.730000e+00  4.225178  3.799592  3.799592  0.132967 
  2.735000e+00  4.225178  3.799592  3.799591  0.132967 
  2.740000e+00  4.225178  3.799592  3.799591  0.132967 
  2.745000e+00  4.225178  3.799592  3.799591  0.132967 
  2.750000e+00  4.225178  3.799592  3.799591  0.132967 
  2.755000e+00  4.225178  3.799592  3.799591  0.132967 
  2.760000e+00  4.225178  3.799592  3.799591  0.132967 
  2.765000e+00  4.225178  3.799592  3.799591  0.132967 
  2.770000e+00  4.225178  3.799592  3.799591  0.132967 
  2.775000e+00  4.225178  3.799592  3.799591  0.132967 
  2.780000e+00  4.225178  3.799592  3.799591  0.132967 
  2.785000e+00  4.225178  3.799592  3.799591  0.132967 
  2.790000e+00  4.225178  3.799592  3.799591  0.132967 
  2.795000e+00  4.225178  3.799592  3.799591  0.132967 
  2.800000e+00  4.225178  3.799592  3.799591  0.132967 
  2.805000e+00  4.225178  3.799592  3.799591  0.132967 
  2.810000e+00  4.225178  3.799592  3.799591  0.132967 
  2.815000e+00  4.225178  3.799592  3.799591  0.132967 
  2.820000e+00  4.225178  3.799592  3.799591  0.132967 
  2.825000e+00  4.225178  3.799592  3.799591  0.132967 
  2.830000e+00  4.225178  3.799592  3.799591  0.132967 
  2.835000e+00  4.225178  3.799592  3.799591  0.132967 
  2.840000e+00  4.225178  3.799592  3.799591  0.132967 
  2.845000e+00  4.225178  3.799592  3.799591  0.132967 
  2.850000e+00  4.225178  3.799592  3.799591  0.132967 
  2.855000e+00  4.225178  3.799592  3.799591  0.132967 
  2.860000e+00  4.225178  3.799592  3.799591  0.132967 
  2.865000e+00  4.225178  3.799592  3.799591  0.132967 
  2.870000e+00  4.225178  3.799592  3.799591  0.132967 
  2.875000e+00  4.225178  3.799592  3.799591  0.132967 
  2.880000e+00  4.225178  3.799592  3.799591  0.132967 
  2.885000e+00  4.225178  3.799592  3.799591  0.132967 
  2.890000e+00  4.225178  3.799592  3.799591  0.132967 
  2.895000e+00  4.225178  3.799592  3.799591  0.132967 
  2.900000e+00  4.225178  3.799591  3.799591  0.132967 
  2.905000e+00  4.225178  3.799591  3.799591  0.132967 
  2.910000e+00  4.225178  3.799591  3.799591  0.132967 
  2.915000e+00  4.225178  3.799591  3.799591  0.132967 
  2.920000e+00  4.225178  3.799591  3.799591  0.132967 
  2.925000e+00  4.225178  3.799591  3.799591  0.132967 
  2.930000e+00  4.225178  3.799591  3.799591  0.132967 
  2.935000e+00  4.225178  3.799591  3.799591  0.132967 
  2.940000e+00  4.225178  3.799591  3.799591  0.132967 
  2.945000e+00  4.225178  3.799591  3.799591  0.132967 
  2.950000e+00  4.225178  3.799591  3.799591  0.132967 
  2.955000e+00  4.225178  3.799591  3.799591  0.132967 
  2.960000e+00  4.225178  3.799591  3.799591  0.132967 
  2.965000e+00  4.225178  3.799591  3.799591  0.132967 
  2.970000e+00  4.225178  3.799591  3.799591  0.132967 
  2.975000e+00  4.225178  3.799591  3.799591  0.132967 
  2.980000e+00  4.225178  3.799591  3.799591  0.132967 
  2.985000e+00  4.225178  3.799591  3.799591  0.132967 
  2.990000e+00  4.225178  3.799591  3.799591  0.132967 
  2.995000e+00  4.225178  3.799591  3.799591  0.132967 
  3.000000e+00  4.225178  3.799591  3.799591  0.132967 
  3.005000e+00  4.225178  3.799591  3.799591  0.132967 
  3.010000e+00  4.225178  3.799591  3.799591  0.132967 
  3.015000e+00  4.225178  3.799591  3.799591  0.132967 
  3.020000e+00  4.225178  3.799591  3.799591  0.132967 
  3.025000e+00  4.225178  3.799591  3.799591  0.132967 
  3.030000e+00  4.225178  3.799591  3.799591  0.132967 
  3.035000e+00  4.225178  3.799591  3.799591  0.132967 
  3.040000e+00  4.225178  3.799591  3.799591  0.132967 
  3.045000e+00  4.225178  3.799591  3.799591  0.132967 
  3.050000e+00  4.225178  3.799591  3.799591  0.132967 
  3.055000e+00  4.225178  3.799591  3.799591  0.132967 
  3.060000e+00  4.225178  3.799591  3.799591  0.132967 
  3.065000e+00  4.225178  3.799591  3.799591  0.132967 
  3.070000e+00  4.225178  3.799591  3.799591  0.132967 
  3.075000e+00  4.225178  3.799591  3.799591  0.132967 
  3.080000e+00  4.225178  3.799591  3.799591  0.132967 
  3.085000e+00  4.225178  3.799591  3.799591  0.132967 
  3.090000e+00  4.225178  3.799591  3.799591  0.132967 
  3.095000e+00  4.225178  3.799591  3.799591  0.132967 
  3.100000e+00  4.225178  3.799591  3.799591  0.132967 
  3.105000e+00  4.225178  3.799591  3.799591  0.132967 
  3.110000e+00  4.225178  3.799591  3.799591  0.132967 
  3.115000e+00  4.225178  3.799591  3.799591  0.132967 
  3.120000e+00  4.225178  3.799591  3.799591  0.132967 
  3.125000e+00  4.225178  3.799591  3.799591  0.132967 
  3.130000e+00  4.225178  3.799591  3.799591  0.132967 
  3.135000e+00  4.225178  3.799591  3.799591  0.132967 
  3.140000e+00  4.225178  3.799591  3.799591  0.132967 
  3.145000e+00  4.225178  3.799591  3.799591  0.132967 
  3.150000e+00  4.225178  3.799591  3.799591  0.132967 
  3.155000e+00  4.225178  3.799591  3.799591  0.132967 
  3.160000e+00  4.225178  3.799591  3.799591  0.132967 
  3.165000e+00  4.225178  3.799591  3.799591  0.132967 
  3.170000e+00  4.225178  3.799591  3.799591  0.132967 
  3.175000e+00  4.225177  3.799591  3.799591  0.132967 
  3.180000e+00  4.225177  3.799591  3.799591  0.132967 
  3.185000e+00  4.225177  3.799591  3.799591  0.132967 
  3.190000e+00  4.225177  3.799591  3.799591  0.132967 
  3.195000e+00  4.225177  3.799591  3.799591  0.132967 
  3.200000e+00  4.225177  3.799591  3.799591  0.132967 
  3.205000e+00  4.225177  3.799591  3.799591  0.132967 
  3.210000e+00  4.225177  3.799591  3.799591  0.132967 
  3.215000e+00  4.225177  3.799591  3.799591  0.132967 
  3.220000e+00  4.225177  3.799591  3.799591  0.132967 
  3.225000e+00  4.225177  3.799591  3.799591  0.132967 
  3.230000e+00  4.225177  3.799591  3.799591  0.132967 
  3.235000e+00  4.225177  3.799591  3.799591  0.132967 
  3.240000e+00  4.225177  3.799591  3.799591  0.132967 
  3.245000e+00  4.225177  3.799591  3.799591  0.132967 
  3.250000e+00  4.225177  3.799591  3.799591  0.132967 
  3.255000e+00  4.225177  3.799591  3.799591  0.132967 
  3.260000e+00  4.225177  3.799591  3.799591  0.132967 
  3.265000e+00  4.225177  3.799591  3.799591  0.132967 
  3.270000e+00  4.225177  3.799591  3.799591  0.132967 
  3.275000e+00  4.225177  3.799591  3.799591  0.132967 
  3.280000e+00  4.225177  3.799591  3.799591  0.132967 
  3.285000e+00  4.225177  3.799591  3.799591  0.132967 
  3.290000e+00  4.225177  3.799591  3.799591  0.132967 
  3.295000e+00  4.225177  3.799591  3.799591  0.132967 
  3.300000e+00  4.225177  3.799591  3.799591  0.132967 
  3.305000e+00  4.225177  3.799591  3.799591  0.132967 
  3.310000e+00  4.225177  3.799591  3.799591  0.132967 
  3.315000e+00  4.225177  3.799591  3.799591  0.132967 
  3.320000e+00  4.225177  3.799591  3.799591  0.132967 
  3.325000e+00  4.225177  3.799591  3.799591  0.132967 
  3.330000e+00  4.225177  3.799591  3.799591  0.132967 
  3.335000e+00  4.225177  3.799591  3.799591  0.132967 
  3.340000e+00  4.225177  3.799591  3.799591  0.132967 
  3.345000e+00  4.225177  3.799591  3.799591  0.132967 
  3.350000e+00  4.225177  3.799591  3.799591  0.132967 
  3.355000e+00  4.225177  3.799591  3.799591  0.132967 
  3.360000e+00  4.225177  3.799591  3.799591  0.132967 
  3.365000e+00  4.225177  3.799591  3.799591  0.132967 
  3.370000e+00  4.225177  3.799591  3.799591  0.132967 
  3.375000e+00  4.225177  3.799591  3.799591  0.132967 
  3.380000e+00  4.225177  3.799591  3.799591  0.132967 
  3.385000e+00  4.225177  3.799591  3.799591  0.132967 
  3.390000e+00  4.225177  3.799591  3.799591  0.132967 
  3.395000e+00  4.225177  3.799591  3.799591  0.132967 
  3.400000e+00  4.225177  3.799591  3.799591  0.132967 
  3.405000e+00  4.225177  3.799591  3.799591  0.132967 
  3.410000e+00  4.225177  3.799591  3.799591  0.132967 
  3.415000e+00  4.225177  3.799591  3.799591  0.132967 
  3.420000e+00  4.225177  3.799591  3.799591  0.132967 
  3.425000e+00  4.225177  3.799591  3.799591  0.132967 
  3.430000e+00  4.225177  3.799591  3.799591  0.132967 
  3.435000e+00  4.225177  3.799591  3.799591  0.132967 
  3.440000e+00  4.225177  3.799591  3.799591  0.132967 
  3.445000e+00  4.225177  3.799591  3.799591  0.132967 
  3.450000e+00  4.225177  3.799591  3.799591  0.132967 
  3.455000e+00  4.225177  3.799591  3.799591  0.132967 
  3.460000e+00  4.225177  3.799591  3.799591  0.132967 
  3.465000e+00  4.225177  3.799591  3.799591  0.132967 
  3.470000e+00  4.225177  3.799591  3.799591  0.132967 
  3.475000e+00  4.225177  3.799591  3.799591  0.132967 
  3.480000e+00  4.225177  3.799591  3.799591  0.132967 
  3.485000e+00  4.225177  3.799591  3.799591  0.132967 
  3.490000e+00  4.225177  3.799591  3.799591  0.132967 
  3.495000e+00  4.225177  3.799591  3.799591  0.132967 
  3.500000e+00  4.225177  3.799591  3.799591  0.132967 
  3.505000e+00  4.225177  3.799591  3.799591  0.132967 
  3.510000e+00  4.225177  3.799591  3.799591  0.132967 
  3.515000e+00  4.225177  3.799591  3.799591  0.132967 
  3.520000e+00  4.225177  3.799591  3.799591  0.132967 
  3.525000e+00  4.225177  3.799591  3.799591  0.132967 
  3.530000e+00  4.225177  3.799591  3.799591  0.132967 
  3.535000e+00  4.225177  3.799591  3.799591  0.132967 
  3.540000e+00  4.225177  3.799591  3.799591  0.132967 
  3.545000e+00  4.225177  3.799591  3.799591  0.132967 
  3.550000e+00  4.225177  3.799591  3.799591  0.132967 
  3.555000e+00  4.225177  3.799591  3.799591  0.132967 
  3.560000e+00  4.225177  3.799591  3.799591  0.132967 
  3.565000e+00  4.225177  3.799591  3.799591  0.132967 
  3.570000e+00  4.225177  3.799591  3.799591  0.132967 
  3.575000e+00  4.225177  3.799591  3.799591  0.132967 
  3.580000e+00  4.225177  3.799591  3.799591  0.132967 
  3.585000e+00  4.225177  3.799591  3.799591  0.132967 
  3.590000e+00  4.225177  3.799591  3.799591  0.132967 
  3.595000e+00  4.225177  3.799591  3.799591  0.132967 
  3.600000e+00  4.225177  3.799591  3.799591  0.132967 
  3.605000e+00  4.225177  3.799591  3.799591  0.132967 
  3.610000e+00  4.225177  3.799591  3.799591  0.132967 
  3.615000e+00  4.225177  3.799591  3.799591  0.132967 
  3.620000e+00  4.225177  3.799591  3.799591  0.132967 
  3.625000e+00  4.225177  3.799591  3.799591  0.132967 
  3.630000e+00  4.225177  3.799591  3.799591  0.132967 
  3.635000e+00  4.225177  3.799591  3.799591  0.132967 
  3.640000e+00  4.225177  3.799591  3.799591  0.132967 
  3.645000e+00  4.225177  3.799591  3.799591  0.132967 
  3.650000e+00  4.225177  3.799591  3.799591  0.132967 
  3.655000e+00  4.225177  3.799591  3.799591  0.132967 
  3.660000e+00  4.225177  3.799591  3.799591  0.132967 
  3.665000e+00  4.225177  3.799591  3.799591  0.132967 
  3.670000e+00  4.225177  3.799591  3.799591  0.132967 
  3.675000e+00  4.225177  3.799591  3.799591  0.132967 
  3.680000e+00  4.225177  3.799591  3.799591  0.132967 
  3.685000e+00  4.225177  3.799591  3.799591  0.132967 
  3.690000e+00  4.225177  3.799591  3.799591  0.132967 
  3.695000e+00  4.225177  3.799591  3.799591  0.132967 
  3.700000e+00  4.225177  3.799591  3.799591  0.132967 
  3.705000e+00  4.225177  3.799591  3.799591  0.132967 
  3.710000e+00  4.225177  3.799591  3.799591  0.132967 
  3.715000e+00  4.225177  3.799591  3.799591  0.132967 
  3.720000e+00  4.225177  3.799591  3.799591  0.132967 
  3.725000e+00  4.225177  3.799591  3.799591  0.132967 
  3.730000e+00  4.225177  3.799591  3.799591  0.132967 
  3.735000e+00  4.225177  3.799591  3.799591  0.132967 
  3.740000e+00  4.225177  3.799591  3.799591  0.132967 
  3.745000e+00  4.225177  3.799591  3.799591  0.132967 
  3.750000e+00  4.225177  3.799591  3.799591  0.132967 
  3.755000e+00  4.225177  3.799591  3.799591  0.132967 
  3.760000e+00  4.225177  3.799591  3.799591  0.132967 
  3.765000e+00  4.225177  3.799591  3.799591  0.132967 
  3.770000e+00  4.225177  3.799591  3.799591  0.132967 
  3.775000e+00  4.225177  3.799591  3.799591  0.132967 
  3.780000e+00  4.225177  3.799591  3.799591  0.132967 
  3.785000e+00  4.225177  3.799591  3.799591  0.132967 
  3.790000e+00  4.225177  3.799591  3.799591  0.132967 
  3.795000e+00  4.225177  3.799591  3.799591  0.132967 
  3.800000e+00  4.225177  3.799591  3.799591  0.132967 
  3.805000e+00  4.225177  3.799591  3.799591  0.132967 
  3.810000e+00  4.225177  3.799591  3.799591  0.132967 
  3.815000e+00  4.225177  3.799591  3.799591  0.132967 
  3.820000e+00  4.225177  3.799591  3.799591  0.132967 
  3.825000e+00  4.225177  3.799591  3.799591  0.132967 
  3.830000e+00  4.225177  3.799591  3.799591  0.132967 
  3.835000e+00  4.225177  3.799591  3.799591  0.132967 
  3.840000e+00  4.225177  3.799591  3.799591  0.132967 
  3.845000e+00  4.225177  3.799591  3.799591  0.132967 
  3.850000e+00  4.225177  3.799591  3.799591  0.132967 
  3.855000e+00  4.225177  3.799591  3.799591  0.132967 
  3.860000e+00  4.225177  3.799591  3.799591  0.132967 
  3.865000e+00  4.225177  3.799591  3.799591  0.132967 
  3.870000e+00  4.225177  3.799591  3.799591  0.132967 
  3.875000e+00  4.225177  3.799591  3.799591  0.132967 
  3.880000e+00  4.225177  3.799591  3.799591  0.132967 
  3.885000e+00  4.225177  3.799591  3.799591  0.132967 
  3.890000e+00  4.225177  3.799591  3.799591  0.132967 
  3.895000e+00  4.225177  3.799591  3.799591  0.132967 
  3.900000e+00  4.225177  3.799591  3.799591  0.132967 
  3.905000e+00  4.225177  3.799591  3.799591  0.132967 
  3.910000e+00  4.225177  3.799591  3.799591  0.132967 
  3.915000e+00  4.225177  3.799591  3.799591  0.132967 
  3.920000e+00  4.225177  3.799591  3.799591  0.132967 
  3.925000e+00  4.225177  3.799591  3.799591  0.132967 
  3.930000e+00  4.225177  3.799591  3.799591  0.132967 
  3.935000e+00  4.225177  3.799591  3.799591  0.132967 
  3.940000e+00  4.225177  3.799591  3.799591  0.132967 
  3.945000e+00  4.225177  3.799591  3.799591  0.132967 
  3.950000e+00  4.225177  3.799591  3.799591  0.132967 
  3.955000e+00  4.225177  3.799591  3.799591  0.132967 
  3.960000e+00  4.225177  3.799591  3.799591  0.132967 
  3.965000e+00  4.225177  3.799591  3.799591  0.132967 
  3.970000e+00  4.225177  3.799591  3.799591  0.132967 
  3.975000e+00  4.225177  3.799591  3.799591  0.132967 
  3.980000e+00  4.225177  3.799591  3.799591  0.132967 
  3.985000e+00  4.225177  3.799591  3.799591  0.132967 
  3.990000e+00  4.225177  3.799591  3.799591  0.132967 
  3.995000e+00  4.225177  3.799591  3.799591  0.132967 
  4.000000e+00  4.225177  3.799591  3.799591  0.132967 
