  0.000000e+00  5.08588992 9.26697335 
  1.000000e-02  5.08588992 9.26876964 
  2.000000e-02  5.08588992 9.26976284 
  3.000000e-02  5.08588992 9.27048906 
  4.000000e-02  5.08588992 9.27111937 
  5.000000e-02  5.08588992 9.27159861 
  6.000000e-02  5.08588992 9.27197929 
  7.000000e-02  5.08588992 9.27240213 
  8.000000e-02  5.08588992 9.27278752 
  9.000000e-02  5.08588992 9.27308334 
  1.000000e-01  5.08588992 9.27330707 
  1.100000e-01  5.08588992 9.27347953 
  1.200000e-01  5.08588992 9.27361739 
  1.300000e-01  5.08588992 9.27373467 
  1.400000e-01  5.08588992 9.27384135 
  1.500000e-01  5.08588992 9.27394233 
  1.600000e-01  5.08588992 9.27403838 
  1.700000e-01  5.08588992 9.27412813 
  1.800000e-01  5.08588992 9.27420968 
  1.900000e-01  5.08588992 9.27428173 
  2.000000e-01  5.08588992 9.27434415 
  2.100000e-01  5.08588992 9.27439789 
  2.200000e-01  5.08588992 9.27444432 
  2.300000e-01  5.08588992 9.27448453 
  2.400000e-01  5.08588992 9.27451915 
  2.500000e-01  5.08588992 9.27454858 
  2.600000e-01  5.08588992 9.27457340 
  2.700000e-01  5.08588992 9.27459463 
  2.800000e-01  5.08588992 9.27461358 
  2.900000e-01  5.08588992 9.27463158 
  3.000000e-01  5.08588992 9.27464964 
  3.100000e-01  5.08588992 9.27466825 
  3.200000e-01  5.08588992 9.27468741 
  3.300000e-01  5.08588992 9.27470679 
  3.400000e-01  5.08588992 9.27472586 
  3.500000e-01  5.08588992 9.27474416 
  3.600000e-01  5.08588992 9.27476129 
  3.700000e-01  5.08588992 9.27477711 
  3.800000e-01  5.08588992 9.27479166 
  3.900000e-01  5.08588992 9.27480515 
  4.000000e-01  5.08588992 9.27481790 
  4.100000e-01  5.08588992 9.27483017 
  4.200000e-01  5.08588992 9.27484216 
  4.300000e-01  5.08588992 9.27485390 
  4.400000e-01  5.08588992 9.27486525 
  4.500000e-01  5.08588992 9.27487596 
  4.600000e-01  5.08588992 9.27488573 
  4.700000e-01  5.08588992 9.27489426 
  4.800000e-01  5.08588992 9.27490142 
  4.900000e-01  5.08588992 9.27490726 
  5.000000e-01  5.08588992 9.27491210 
  5.100000e-01  5.08588992 9.27491644 
  5.200000e-01  5.08588992 9.27492088 
  5.300000e-01  5.08588992 9.27492588 
  5.400000e-01  5.08588992 9.27493169 
  5.500000e-01  5.08588992 9.27493832 
  5.600000e-01  5.08588992 9.27494558 
  5.700000e-01  5.08588992 9.27495325 
  5.800000e-01  5.08588992 9.27496110 
  5.900000e-01  5.08588992 9.27496895 
  6.000000e-01  5.08588992 9.27497669 
  6.100000e-01  5.08588992 9.27498419 
  6.200000e-01  5.08588992 9.27499140 
  6.300000e-01  5.08588992 9.27499821 
  6.400000e-01  5.08588992 9.27500458 
  6.500000e-01  5.08588992 9.27501042 
  6.600000e-01  5.08588992 9.27501570 
  6.700000e-01  5.08588992 9.27502040 
  6.800000e-01  5.08588992 9.27502453 
  6.900000e-01  5.08588992 9.27502811 
  7.000000e-01  5.08588992 9.27503118 
  7.100000e-01  5.08588992 9.27503382 
  7.200000e-01  5.08588992 9.27503608 
  7.300000e-01  5.08588992 9.27503803 
  7.400000e-01  5.08588992 9.27503974 
  7.500000e-01  5.08588992 9.27504126 
  7.600000e-01  5.08588992 9.27504266 
  7.700000e-01  5.08588992 9.27504397 
  7.800000e-01  5.08588992 9.27504523 
  7.900000e-01  5.08588992 9.27504647 
  8.000000e-01  5.08588992 9.27504770 
  8.100000e-01  5.08588992 9.27504892 
  8.200000e-01  5.08588992 9.27505014 
  8.300000e-01  5.08588992 9.27505131 
  8.400000e-01  5.08588992 9.27505243 
  8.500000e-01  5.08588992 9.27505345 
  8.600000e-01  5.08588992 9.27505434 
  8.700000e-01  5.08588992 9.27505508 
  8.800000e-01  5.08588992 9.27505565 
  8.900000e-01  5.08588992 9.27505606 
  9.000000e-01  5.08588992 9.27505633 
  9.100000e-01  5.08588992 9.27505648 
  9.200000e-01  5.08588992 9.27505656 
  9.300000e-01  5.08588992 9.27505662 
  9.400000e-01  5.08588992 9.27505669 
  9.500000e-01  5.08588992 9.27505682 
  9.600000e-01  5.08588992 9.27505704 
  9.700000e-01  5.08588992 9.27505734 
  9.800000e-01  5.08588992 9.27505773 
  9.900000e-01  5.08588992 9.27505819 
  1.000000e+00  5.08588992 9.27505871 
  1.010000e+00  5.08588992 9.27505925 
  1.020000e+00  5.08588992 9.27505980 
  1.030000e+00  5.08588992 9.27506033 
  1.040000e+00  5.08588992 9.27506084 
  1.050000e+00  5.08588992 9.27506132 
  1.060000e+00  5.08588992 9.27506175 
  1.070000e+00  5.08588992 9.27506215 
  1.080000e+00  5.08588992 9.27506250 
  1.090000e+00  5.08588992 9.27506282 
  1.100000e+00  5.08588992 9.27506310 
  1.110000e+00  5.08588992 9.27506336 
  1.120000e+00  5.08588992 9.27506359 
  1.130000e+00  5.08588992 9.27506380 
  1.140000e+00  5.08588992 9.27506399 
  1.150000e+00  5.08588992 9.27506416 
  1.160000e+00  5.08588992 9.27506433 
  1.170000e+00  5.08588992 9.27506448 
  1.180000e+00  5.08588992 9.27506463 
  1.190000e+00  5.08588992 9.27506478 
  1.200000e+00  5.08588992 9.27506492 
  1.210000e+00  5.08588992 9.27506505 
  1.220000e+00  5.08588992 9.27506518 
  1.230000e+00  5.08588992 9.27506531 
  1.240000e+00  5.08588992 9.27506543 
  1.250000e+00  5.08588992 9.27506554 
  1.260000e+00  5.08588992 9.27506564 
  1.270000e+00  5.08588992 9.27506573 
  1.280000e+00  5.08588992 9.27506581 
  1.290000e+00  5.08588992 9.27506588 
  1.300000e+00  5.08588992 9.27506595 
  1.310000e+00  5.08588992 9.27506601 
  1.320000e+00  5.08588992 9.27506607 
  1.330000e+00  5.08588992 9.27506613 
  1.340000e+00  5.08588992 9.27506620 
  1.350000e+00  5.08588992 9.27506628 
  1.360000e+00  5.08588992 9.27506636 
  1.370000e+00  5.08588992 9.27506644 
  1.380000e+00  5.08588992 9.27506653 
  1.390000e+00  5.08588992 9.27506663 
  1.400000e+00  5.08588992 9.27506672 
  1.410000e+00  5.08588992 9.27506682 
  1.420000e+00  5.08588992 9.27506691 
  1.430000e+00  5.08588992 9.27506699 
  1.440000e+00  5.08588992 9.27506707 
  1.450000e+00  5.08588992 9.27506713 
  1.460000e+00  5.08588992 9.27506719 
  1.470000e+00  5.08588992 9.27506724 
  1.480000e+00  5.08588992 9.27506727 
  1.490000e+00  5.08588992 9.27506730 
  1.500000e+00  5.08588992 9.27506732 
  1.510000e+00  5.08588992 9.27506734 
  1.520000e+00  5.08588992 9.27506736 
  1.530000e+00  5.08588992 9.27506737 
  1.540000e+00  5.08588992 9.27506737 
  1.550000e+00  5.08588992 9.27506738 
  1.560000e+00  5.08588992 9.27506739 
  1.570000e+00  5.08588992 9.27506740 
  1.580000e+00  5.08588992 9.27506741 
  1.590000e+00  5.08588992 9.27506743 
  1.600000e+00  5.08588992 9.27506744 
  1.610000e+00  5.08588992 9.27506745 
  1.620000e+00  5.08588992 9.27506747 
  1.630000e+00  5.08588992 9.27506749 
  1.640000e+00  5.08588992 9.27506750 
  1.650000e+00  5.08588992 9.27506752 
  1.660000e+00  5.08588992 9.27506754 
  1.670000e+00  5.08588992 9.27506756 
  1.680000e+00  5.08588992 9.27506758 
  1.690000e+00  5.08588992 9.27506760 
  1.700000e+00  5.08588992 9.27506762 
  1.710000e+00  5.08588992 9.27506764 
  1.720000e+00  5.08588992 9.27506766 
  1.730000e+00  5.08588992 9.27506768 
  1.740000e+00  5.08588992 9.27506770 
  1.750000e+00  5.08588992 9.27506772 
  1.760000e+00  5.08588992 9.27506774 
  1.770000e+00  5.08588992 9.27506776 
  1.780000e+00  5.08588992 9.27506778 
  1.790000e+00  5.08588992 9.27506779 
  1.800000e+00  5.08588992 9.27506781 
  1.810000e+00  5.08588992 9.27506783 
  1.820000e+00  5.08588992 9.27506784 
  1.830000e+00  5.08588992 9.27506786 
  1.840000e+00  5.08588992 9.27506787 
  1.850000e+00  5.08588992 9.27506788 
  1.860000e+00  5.08588992 9.27506789 
  1.870000e+00  5.08588992 9.27506790 
  1.880000e+00  5.08588992 9.27506790 
  1.890000e+00  5.08588992 9.27506791 
  1.900000e+00  5.08588992 9.27506792 
  1.910000e+00  5.08588992 9.27506792 
  1.920000e+00  5.08588992 9.27506793 
  1.930000e+00  5.08588992 9.27506793 
  1.940000e+00  5.08588992 9.27506794 
  1.950000e+00  5.08588992 9.27506794 
  1.960000e+00  5.08588992 9.27506795 
  1.970000e+00  5.08588992 9.27506795 
  1.980000e+00  5.08588992 9.27506796 
  1.990000e+00  5.08588992 9.27506797 
  2.000000e+00  5.08588992 9.27506797 
  2.010000e+00  5.08588992 9.27506798 
  2.020000e+00  5.08588992 9.27506798 
  2.030000e+00  5.08588992 9.27506799 
  2.040000e+00  5.08588992 9.27506799 
  2.050000e+00  5.08588992 9.27506800 
  2.060000e+00  5.08588992 9.27506800 
  2.070000e+00  5.08588992 9.27506801 
  2.080000e+00  5.08588992 9.27506801 
  2.090000e+00  5.08588992 9.27506801 
  2.100000e+00  5.08588992 9.27506802 
  2.110000e+00  5.08588992 9.27506802 
  2.120000e+00  5.08588992 9.27506802 
  2.130000e+00  5.08588992 9.27506802 
  2.140000e+00  5.08588992 9.27506802 
  2.150000e+00  5.08588992 9.27506803 
  2.160000e+00  5.08588992 9.27506803 
  2.170000e+00  5.08588992 9.27506803 
  2.180000e+00  5.08588992 9.27506803 
  2.190000e+00  5.08588992 9.27506803 
  2.200000e+00  5.08588992 9.27506803 
  2.210000e+00  5.08588992 9.27506803 
  2.220000e+00  5.08588992 9.27506803 
  2.230000e+00  5.08588992 9.27506803 
  2.240000e+00  5.08588992 9.27506803 
  2.250000e+00  5.08588992 9.27506803 
  2.260000e+00  5.08588992 9.27506803 
  2.270000e+00  5.08588992 9.27506802 
  2.280000e+00  5.08588992 9.27506802 
  2.290000e+00  5.08588992 9.27506802 
  2.300000e+00  5.08588992 9.27506802 
  2.310000e+00  5.08588992 9.27506802 
  2.320000e+00  5.08588992 9.27506802 
  2.330000e+00  5.08588992 9.27506802 
  2.340000e+00  5.08588992 9.27506802 
  2.350000e+00  5.08588992 9.27506802 
  2.360000e+00  5.08588992 9.27506802 
  2.370000e+00  5.08588992 9.27506802 
  2.380000e+00  5.08588992 9.27506802 
  2.390000e+00  5.08588992 9.27506802 
  2.400000e+00  5.08588992 9.27506802 
  2.410000e+00  5.08588992 9.27506802 
  2.420000e+00  5.08588992 9.27506802 
  2.430000e+00  5.08588992 9.27506802 
  2.440000e+00  5.08588992 9.27506802 
  2.450000e+00  5.08588992 9.27506802 
  2.460000e+00  5.08588992 9.27506802 
  2.470000e+00  5.08588992 9.27506802 
  2.480000e+00  5.08588992 9.27506801 
  2.490000e+00  5.08588992 9.27506801 
  2.500000e+00  5.08588992 9.27506801 
  2.510000e+00  5.08588992 9.27506801 
  2.520000e+00  5.08588992 9.27506801 
  2.530000e+00  5.08588992 9.27506801 
  2.540000e+00  5.08588992 9.27506801 
  2.550000e+00  5.08588992 9.27506801 
  2.560000e+00  5.08588992 9.27506801 
  2.570000e+00  5.08588992 9.27506801 
  2.580000e+00  5.08588992 9.27506801 
  2.590000e+00  5.08588992 9.27506801 
  2.600000e+00  5.08588992 9.27506801 
  2.610000e+00  5.08588992 9.27506801 
  2.620000e+00  5.08588992 9.27506801 
  2.630000e+00  5.08588992 9.27506801 
  2.640000e+00  5.08588992 9.27506801 
  2.650000e+00  5.08588992 9.27506801 
  2.660000e+00  5.08588992 9.27506801 
  2.670000e+00  5.08588992 9.27506801 
  2.680000e+00  5.08588992 9.27506801 
  2.690000e+00  5.08588992 9.27506801 
  2.700000e+00  5.08588992 9.27506801 
  2.710000e+00  5.08588992 9.27506801 
  2.720000e+00  5.08588992 9.27506801 
  2.730000e+00  5.08588992 9.27506801 
  2.740000e+00  5.08588992 9.27506801 
  2.750000e+00  5.08588992 9.27506801 
  2.760000e+00  5.08588992 9.27506801 
  2.770000e+00  5.08588992 9.27506801 
  2.780000e+00  5.08588992 9.27506801 
  2.790000e+00  5.08588992 9.27506801 
  2.800000e+00  5.08588992 9.27506801 
  2.810000e+00  5.08588992 9.27506801 
  2.820000e+00  5.08588992 9.27506801 
  2.830000e+00  5.08588992 9.27506801 
  2.840000e+00  5.08588992 9.27506801 
  2.850000e+00  5.08588992 9.27506801 
  2.860000e+00  5.08588992 9.27506801 
  2.870000e+00  5.08588992 9.27506801 
  2.880000e+00  5.08588992 9.27506801 
  2.890000e+00  5.08588992 9.27506801 
  2.900000e+00  5.08588992 9.27506801 
  2.910000e+00  5.08588992 9.27506801 
  2.920000e+00  5.08588992 9.27506801 
  2.930000e+00  5.08588992 9.27506801 
  2.940000e+00  5.08588992 9.27506801 
  2.950000e+00  5.08588992 9.27506801 
  2.960000e+00  5.08588992 9.27506801 
  2.970000e+00  5.08588992 9.27506801 
  2.980000e+00  5.08588992 9.27506801 
  2.990000e+00  5.08588992 9.27506801 
  3.000000e+00  5.08588992 9.27506801 
  3.010000e+00  5.08588992 9.27506801 
  3.020000e+00  5.08588992 9.27506801 
  3.030000e+00  5.08588992 9.27506801 
  3.040000e+00  5.08588992 9.27506801 
  3.050000e+00  5.08588992 9.27506801 
  3.060000e+00  5.08588992 9.27506801 
  3.070000e+00  5.08588992 9.27506801 
  3.080000e+00  5.08588992 9.27506801 
  3.090000e+00  5.08588992 9.27506801 
  3.100000e+00  5.08588992 9.27506801 
  3.110000e+00  5.08588992 9.27506801 
  3.120000e+00  5.08588992 9.27506801 
  3.130000e+00  5.08588992 9.27506801 
  3.140000e+00  5.08588992 9.27506801 
  3.150000e+00  5.08588992 9.27506801 
  3.160000e+00  5.08588992 9.27506801 
  3.170000e+00  5.08588992 9.27506801 
  3.180000e+00  5.08588992 9.27506801 
  3.190000e+00  5.08588992 9.27506801 
  3.200000e+00  5.08588992 9.27506801 
  3.210000e+00  5.08588992 9.27506801 
  3.220000e+00  5.08588992 9.27506801 
  3.230000e+00  5.08588992 9.27506801 
  3.240000e+00  5.08588992 9.27506801 
  3.250000e+00  5.08588992 9.27506801 
  3.260000e+00  5.08588992 9.27506801 
  3.270000e+00  5.08588992 9.27506801 
  3.280000e+00  5.08588992 9.27506801 
  3.290000e+00  5.08588992 9.27506801 
  3.300000e+00  5.08588992 9.27506801 
  3.310000e+00  5.08588992 9.27506801 
  3.320000e+00  5.08588992 9.27506801 
  3.330000e+00  5.08588992 9.27506801 
  3.340000e+00  5.08588992 9.27506801 
  3.350000e+00  5.08588992 9.27506801 
  3.360000e+00  5.08588992 9.27506801 
  3.370000e+00  5.08588992 9.27506801 
  3.380000e+00  5.08588992 9.27506801 
  3.390000e+00  5.08588992 9.27506801 
  3.400000e+00  5.08588992 9.27506802 
  3.410000e+00  5.08588992 9.27506802 
  3.420000e+00  5.08588992 9.27506802 
  3.430000e+00  5.08588992 9.27506802 
  3.440000e+00  5.08588992 9.27506802 
  3.450000e+00  5.08588992 9.27506802 
  3.460000e+00  5.08588992 9.27506802 
  3.470000e+00  5.08588992 9.27506802 
  3.480000e+00  5.08588992 9.27506802 
  3.490000e+00  5.08588992 9.27506802 
  3.500000e+00  5.08588992 9.27506802 
  3.510000e+00  5.08588992 9.27506802 
  3.520000e+00  5.08588992 9.27506802 
  3.530000e+00  5.08588992 9.27506802 
  3.540000e+00  5.08588992 9.27506802 
  3.550000e+00  5.08588992 9.27506802 
  3.560000e+00  5.08588992 9.27506802 
  3.570000e+00  5.08588992 9.27506802 
  3.580000e+00  5.08588992 9.27506802 
  3.590000e+00  5.08588992 9.27506802 
  3.600000e+00  5.08588992 9.27506802 
  3.610000e+00  5.08588992 9.27506802 
  3.620000e+00  5.08588992 9.27506802 
  3.630000e+00  5.08588992 9.27506802 
  3.640000e+00  5.08588992 9.27506802 
  3.650000e+00  5.08588992 9.27506802 
  3.660000e+00  5.08588992 9.27506802 
  3.670000e+00  5.08588992 9.27506802 
  3.680000e+00  5.08588992 9.27506802 
  3.690000e+00  5.08588992 9.27506802 
  3.700000e+00  5.08588992 9.27506802 
  3.710000e+00  5.08588992 9.27506802 
  3.720000e+00  5.08588992 9.27506802 
  3.730000e+00  5.08588992 9.27506802 
  3.740000e+00  5.08588992 9.27506802 
  3.750000e+00  5.08588992 9.27506802 
  3.760000e+00  5.08588992 9.27506802 
  3.770000e+00  5.08588992 9.27506802 
  3.780000e+00  5.08588992 9.27506802 
  3.790000e+00  5.08588992 9.27506802 
  3.800000e+00  5.08588992 9.27506802 
  3.810000e+00  5.08588992 9.27506802 
  3.820000e+00  5.08588992 9.27506802 
  3.830000e+00  5.08588992 9.27506802 
  3.840000e+00  5.08588992 9.27506802 
  3.850000e+00  5.08588992 9.27506802 
  3.860000e+00  5.08588992 9.27506802 
  3.870000e+00  5.08588992 9.27506802 
  3.880000e+00  5.08588992 9.27506802 
  3.890000e+00  5.08588992 9.27506802 
  3.900000e+00  5.08588992 9.27506802 
  3.910000e+00  5.08588992 9.27506802 
  3.920000e+00  5.08588992 9.27506802 
  3.930000e+00  5.08588992 9.27506802 
  3.940000e+00  5.08588992 9.27506802 
  3.950000e+00  5.08588992 9.27506802 
  3.960000e+00  5.08588992 9.27506802 
  3.970000e+00  5.08588992 9.27506802 
  3.980000e+00  5.08588992 9.27506802 
  3.990000e+00  5.08588992 9.27506802 
  4.000000e+00  5.08588992 9.27506802 
