  0.000000e+00  5.08588992 9.26697335 
  2.500000e-03  5.08588992 9.26847538 
  5.000000e-03  5.08588992 9.26926060 
  7.500000e-03  5.08588992 9.26976445 
  1.000000e-02  5.08588992 9.27018771 
  1.250000e-02  5.08588992 9.27053379 
  1.500000e-02  5.08588992 9.27078076 
  1.750000e-02  5.08588992 9.27098177 
  2.000000e-02  5.08588992 9.27117757 
  2.250000e-02  5.08588992 9.27135121 
  2.500000e-02  5.08588992 9.27148917 
  2.750000e-02  5.08588992 9.27159550 
  3.000000e-02  5.08588992 9.27167868 
  3.250000e-02  5.08588992 9.27174581 
  3.500000e-02  5.08588992 9.27180188 
  3.750000e-02  5.08588992 9.27185004 
  4.000000e-02  5.08588992 9.27189211 
  4.250000e-02  5.08588992 9.27192905 
  4.500000e-02  5.08588992 9.27196132 
  4.750000e-02  5.08588992 9.27198911 
  5.000000e-02  5.08588992 9.27201260 
  5.250000e-02  5.08588992 9.27203220 
  5.500000e-02  5.08588992 9.27204851 
  5.750000e-02  5.08588992 9.27206216 
  6.000000e-02  5.08588992 9.27207365 
  6.250000e-02  5.08588992 9.27208326 
  6.500000e-02  5.08588992 9.27209118 
  6.750000e-02  5.08588992 9.27209759 
  7.000000e-02  5.08588992 9.27210275 
  7.250000e-02  5.08588992 9.27210701 
  7.500000e-02  5.08588992 9.27211070 
  7.750000e-02  5.08588992 9.27211412 
  8.000000e-02  5.08588992 9.27211740 
  8.250000e-02  5.08588992 9.27212058 
  8.500000e-02  5.08588992 9.27212362 
  8.750000e-02  5.08588992 9.27212641 
  9.000000e-02  5.08588992 9.27212890 
  9.250000e-02  5.08588992 9.27213103 
  9.500000e-02  5.08588992 9.27213279 
  9.750000e-02  5.08588992 9.27213420 
  1.000000e-01  5.08588992 9.27213532 
  1.025000e-01  5.08588992 9.27213620 
  1.050000e-01  5.08588992 9.27213692 
  1.075000e-01  5.08588992 9.27213753 
  1.100000e-01  5.08588992 9.27213808 
  1.125000e-01  5.08588992 9.27213861 
  1.150000e-01  5.08588992 9.27213914 
  1.175000e-01  5.08588992 9.27213967 
  1.200000e-01  5.08588992 9.27214018 
  1.225000e-01  5.08588992 9.27214066 
  1.250000e-01  5.08588992 9.27214109 
  1.275000e-01  5.08588992 9.27214147 
  1.300000e-01  5.08588992 9.27214177 
  1.325000e-01  5.08588992 9.27214202 
  1.350000e-01  5.08588992 9.27214222 
  1.375000e-01  5.08588992 9.27214238 
  1.400000e-01  5.08588992 9.27214251 
  1.425000e-01  5.08588992 9.27214264 
  1.450000e-01  5.08588992 9.27214276 
  1.475000e-01  5.08588992 9.27214287 
  1.500000e-01  5.08588992 9.27214298 
  1.525000e-01  5.08588992 9.27214309 
  1.550000e-01  5.08588992 9.27214320 
  1.575000e-01  5.08588992 9.27214329 
  1.600000e-01  5.08588992 9.27214338 
  1.625000e-01  5.08588992 9.27214346 
  1.650000e-01  5.08588992 9.27214354 
  1.675000e-01  5.08588992 9.27214361 
  1.700000e-01  5.08588992 9.27214368 
  1.725000e-01  5.08588992 9.27214375 
  1.750000e-01  5.08588992 9.27214382 
  1.775000e-01  5.08588992 9.27214388 
  1.800000e-01  5.08588992 9.27214395 
  1.825000e-01  5.08588992 9.27214401 
  1.850000e-01  5.08588992 9.27214407 
  1.875000e-01  5.08588992 9.27214414 
  1.900000e-01  5.08588992 9.27214420 
  1.925000e-01  5.08588992 9.27214425 
  1.950000e-01  5.08588992 9.27214431 
  1.975000e-01  5.08588992 9.27214436 
  2.000000e-01  5.08588992 9.27214441 
  2.025000e-01  5.08588992 9.27214446 
  2.050000e-01  5.08588992 9.27214451 
  2.075000e-01  5.08588992 9.27214455 
  2.100000e-01  5.08588992 9.27214459 
  2.125000e-01  5.08588992 9.27214463 
  2.150000e-01  5.08588992 9.27214468 
  2.175000e-01  5.08588992 9.27214472 
  2.200000e-01  5.08588992 9.27214476 
  2.225000e-01  5.08588992 9.27214480 
  2.250000e-01  5.08588992 9.27214485 
  2.275000e-01  5.08588992 9.27214489 
  2.300000e-01  5.08588992 9.27214494 
  2.325000e-01  5.08588992 9.27214498 
  2.350000e-01  5.08588992 9.27214503 
  2.375000e-01  5.08588992 9.27214507 
  2.400000e-01  5.08588992 9.27214512 
  2.425000e-01  5.08588992 9.27214516 
  2.450000e-01  5.08588992 9.27214521 
  2.475000e-01  5.08588992 9.27214525 
  2.500000e-01  5.08588992 9.27214530 
  2.525000e-01  5.08588992 9.27214534 
  2.550000e-01  5.08588992 9.27214539 
  2.575000e-01  5.08588992 9.27214543 
  2.600000e-01  5.08588992 9.27214547 
  2.625000e-01  5.08588992 9.27214552 
  2.650000e-01  5.08588992 9.27214556 
  2.675000e-01  5.08588992 9.27214560 
  2.700000e-01  5.08588992 9.27214564 
  2.725000e-01  5.08588992 9.27214569 
  2.750000e-01  5.08588992 9.27214573 
  2.775000e-01  5.08588992 9.27214577 
  2.800000e-01  5.08588992 9.27214581 
  2.825000e-01  5.08588992 9.27214586 
  2.850000e-01  5.08588992 9.27214590 
  2.875000e-01  5.08588992 9.27214594 
  2.900000e-01  5.08588992 9.27214598 
  2.925000e-01  5.08588992 9.27214602 
  2.950000e-01  5.08588992 9.27214606 
  2.975000e-01  5.08588992 9.27214610 
  3.000000e-01  5.08588992 9.27214614 
  3.025000e-01  5.08588992 9.27214618 
  3.050000e-01  5.08588992 9.27214621 
  3.075000e-01  5.08588992 9.27214625 
  3.100000e-01  5.08588992 9.27214629 
  3.125000e-01  5.08588992 9.27214633 
  3.150000e-01  5.08588992 9.27214636 
  3.175000e-01  5.08588992 9.27214640 
  3.200000e-01  5.08588992 9.27214643 
  3.225000e-01  5.08588992 9.27214646 
  3.250000e-01  5.08588992 9.27214650 
  3.275000e-01  5.08588992 9.27214653 
  3.300000e-01  5.08588992 9.27214656 
  3.325000e-01  5.08588992 9.27214659 
  3.350000e-01  5.08588992 9.27214662 
  3.375000e-01  5.08588992 9.27214665 
  3.400000e-01  5.08588992 9.27214668 
  3.425000e-01  5.08588992 9.27214671 
  3.450000e-01  5.08588992 9.27214673 
  3.475000e-01  5.08588992 9.27214676 
  3.500000e-01  5.08588992 9.27214678 
  3.525000e-01  5.08588992 9.27214681 
  3.550000e-01  5.08588992 9.27214683 
  3.575000e-01  5.08588992 9.27214685 
  3.600000e-01  5.08588992 9.27214687 
  3.625000e-01  5.08588992 9.27214689 
  3.650000e-01  5.08588992 9.27214691 
  3.675000e-01  5.08588992 9.27214693 
  3.700000e-01  5.08588992 9.27214695 
  3.725000e-01  5.08588992 9.27214697 
  3.750000e-01  5.08588992 9.27214698 
  3.775000e-01  5.08588992 9.27214700 
  3.800000e-01  5.08588992 9.27214701 
  3.825000e-01  5.08588992 9.27214703 
  3.850000e-01  5.08588992 9.27214704 
  3.875000e-01  5.08588992 9.27214705 
  3.900000e-01  5.08588992 9.27214706 
  3.925000e-01  5.08588992 9.27214708 
  3.950000e-01  5.08588992 9.27214709 
  3.975000e-01  5.08588992 9.27214710 
  4.000000e-01  5.08588992 9.27214711 
  4.025000e-01  5.08588992 9.27214712 
  4.050000e-01  5.08588992 9.27214712 
  4.075000e-01  5.08588992 9.27214713 
  4.100000e-01  5.08588992 9.27214714 
  4.125000e-01  5.08588992 9.27214715 
  4.150000e-01  5.08588992 9.27214716 
  4.175000e-01  5.08588992 9.27214716 
  4.200000e-01  5.08588992 9.27214717 
  4.225000e-01  5.08588992 9.27214718 
  4.250000e-01  5.08588992 9.27214719 
  4.275000e-01  5.08588992 9.27214719 
  4.300000e-01  5.08588992 9.27214720 
  4.325000e-01  5.08588992 9.27214721 
  4.350000e-01  5.08588992 9.27214721 
  4.375000e-01  5.08588992 9.27214722 
  4.400000e-01  5.08588992 9.27214722 
  4.425000e-01  5.08588992 9.27214723 
  4.450000e-01  5.08588992 9.27214724 
  4.475000e-01  5.08588992 9.27214724 
  4.500000e-01  5.08588992 9.27214725 
  4.525000e-01  5.08588992 9.27214726 
  4.550000e-01  5.08588992 9.27214726 
  4.575000e-01  5.08588992 9.27214727 
  4.600000e-01  5.08588992 9.27214728 
  4.625000e-01  5.08588992 9.27214728 
  4.650000e-01  5.08588992 9.27214729 
  4.675000e-01  5.08588992 9.27214730 
  4.700000e-01  5.08588992 9.27214730 
  4.725000e-01  5.08588992 9.27214731 
  4.750000e-01  5.08588992 9.27214732 
  4.775000e-01  5.08588992 9.27214733 
  4.800000e-01  5.08588992 9.27214733 
  4.825000e-01  5.08588992 9.27214734 
  4.850000e-01  5.08588992 9.27214735 
  4.875000e-01  5.08588992 9.27214736 
  4.900000e-01  5.08588992 9.27214737 
  4.925000e-01  5.08588992 9.27214737 
  4.950000e-01  5.08588992 9.27214738 
  4.975000e-01  5.08588992 9.27214739 
  5.000000e-01  5.08588992 9.27214740 
  5.025000e-01  5.08588992 9.27214741 
  5.050000e-01  5.08588992 9.27214742 
  5.075000e-01  5.08588992 9.27214743 
  5.100000e-01  5.08588992 9.27214743 
  5.125000e-01  5.08588992 9.27214744 
  5.150000e-01  5.08588992 9.27214745 
  5.175000e-01  5.08588992 9.27214746 
  5.200000e-01  5.08588992 9.27214747 
  5.225000e-01  5.08588992 9.27214748 
  5.250000e-01  5.08588992 9.27214749 
  5.275000e-01  5.08588992 9.27214750 
  5.300000e-01  5.08588992 9.27214751 
  5.325000e-01  5.08588992 9.27214752 
  5.350000e-01  5.08588992 9.27214752 
  5.375000e-01  5.08588992 9.27214753 
  5.400000e-01  5.08588992 9.27214754 
  5.425000e-01  5.08588992 9.27214755 
  5.450000e-01  5.08588992 9.27214756 
  5.475000e-01  5.08588992 9.27214757 
  5.500000e-01  5.08588992 9.27214758 
  5.525000e-01  5.08588992 9.27214759 
  5.550000e-01  5.08588992 9.27214760 
  5.575000e-01  5.08588992 9.27214760 
  5.600000e-01  5.08588992 9.27214761 
  5.625000e-01  5.08588992 9.27214762 
  5.650000e-01  5.08588992 9.27214763 
  5.675000e-01  5.08588992 9.27214764 
  5.700000e-01  5.08588992 9.27214765 
  5.725000e-01  5.08588992 9.27214765 
  5.750000e-01  5.08588992 9.27214766 
  5.775000e-01  5.08588992 9.27214767 
  5.800000e-01  5.08588992 9.27214768 
  5.825000e-01  5.08588992 9.27214768 
  5.850000e-01  5.08588992 9.27214769 
  5.875000e-01  5.08588992 9.27214770 
  5.900000e-01  5.08588992 9.27214770 
  5.925000e-01  5.08588992 9.27214771 
  5.950000e-01  5.08588992 9.27214772 
  5.975000e-01  5.08588992 9.27214772 
  6.000000e-01  5.08588992 9.27214773 
  6.025000e-01  5.08588992 9.27214774 
  6.050000e-01  5.08588992 9.27214774 
  6.075000e-01  5.08588992 9.27214775 
  6.100000e-01  5.08588992 9.27214775 
  6.125000e-01  5.08588992 9.27214776 
  6.150000e-01  5.08588992 9.27214776 
  6.175000e-01  5.08588992 9.27214777 
  6.200000e-01  5.08588992 9.27214777 
  6.225000e-01  5.08588992 9.27214778 
  6.250000e-01  5.08588992 9.27214778 
  6.275000e-01  5.08588992 9.27214779 
  6.300000e-01  5.08588992 9.27214779 
  6.325000e-01  5.08588992 9.27214780 
  6.350000e-01  5.08588992 9.27214780 
  6.375000e-01  5.08588992 9.27214780 
  6.400000e-01  5.08588992 9.27214781 
  6.425000e-01  5.08588992 9.27214781 
  6.450000e-01  5.08588992 9.27214782 
  6.475000e-01  5.08588992 9.27214782 
  6.500000e-01  5.08588992 9.27214782 
  6.525000e-01  5.08588992 9.27214782 
  6.550000e-01  5.08588992 9.27214783 
  6.575000e-01  5.08588992 9.27214783 
  6.600000e-01  5.08588992 9.27214783 
  6.625000e-01  5.08588992 9.27214783 
  6.650000e-01  5.08588992 9.27214784 
  6.675000e-01  5.08588992 9.27214784 
  6.700000e-01  5.08588992 9.27214784 
  6.725000e-01  5.08588992 9.27214784 
  6.750000e-01  5.08588992 9.27214785 
  6.775000e-01  5.08588992 9.27214785 
  6.800000e-01  5.08588992 9.27214785 
  6.825000e-01  5.08588992 9.27214785 
  6.850000e-01  5.08588992 9.27214785 
  6.875000e-01  5.08588992 9.27214785 
  6.900000e-01  5.08588992 9.27214785 
  6.925000e-01  5.08588992 9.27214785 
  6.950000e-01  5.08588992 9.27214786 
  6.975000e-01  5.08588992 9.27214786 
  7.000000e-01  5.08588992 9.27214786 
  7.025000e-01  5.08588992 9.27214786 
  7.050000e-01  5.08588992 9.27214786 
  7.075000e-01  5.08588992 9.27214786 
  7.100000e-01  5.08588992 9.27214786 
  7.125000e-01  5.08588992 9.27214786 
  7.150000e-01  5.08588992 9.27214786 
  7.175000e-01  5.08588992 9.27214786 
  7.200000e-01  5.08588992 9.27214786 
  7.225000e-01  5.08588992 9.27214786 
  7.250000e-01  5.08588992 9.27214786 
  7.275000e-01  5.08588992 9.27214786 
  7.300000e-01  5.08588992 9.27214786 
  7.325000e-01  5.08588992 9.27214786 
  7.350000e-01  5.08588992 9.27214786 
  7.375000e-01  5.08588992 9.27214786 
  7.400000e-01  5.08588992 9.27214786 
  7.425000e-01  5.08588992 9.27214786 
  7.450000e-01  5.08588992 9.27214786 
  7.475000e-01  5.08588992 9.27214786 
  7.500000e-01  5.08588992 9.27214786 
  7.525000e-01  5.08588992 9.27214786 
  7.550000e-01  5.08588992 9.27214786 
  7.575000e-01  5.08588992 9.27214786 
  7.600000e-01  5.08588992 9.27214786 
  7.625000e-01  5.08588992 9.27214786 
  7.650000e-01  5.08588992 9.27214786 
  7.675000e-01  5.08588992 9.27214786 
  7.700000e-01  5.08588992 9.27214786 
  7.725000e-01  5.08588992 9.27214786 
  7.750000e-01  5.08588992 9.27214786 
  7.775000e-01  5.08588992 9.27214786 
  7.800000e-01  5.08588992 9.27214785 
  7.825000e-01  5.08588992 9.27214785 
  7.850000e-01  5.08588992 9.27214785 
  7.875000e-01  5.08588992 9.27214785 
  7.900000e-01  5.08588992 9.27214785 
  7.925000e-01  5.08588992 9.27214785 
  7.950000e-01  5.08588992 9.27214785 
  7.975000e-01  5.08588992 9.27214785 
  8.000000e-01  5.08588992 9.27214785 
  8.025000e-01  5.08588992 9.27214785 
  8.050000e-01  5.08588992 9.27214785 
  8.075000e-01  5.08588992 9.27214785 
  8.100000e-01  5.08588992 9.27214785 
  8.125000e-01  5.08588992 9.27214785 
  8.150000e-01  5.08588992 9.27214785 
  8.175000e-01  5.08588992 9.27214784 
  8.200000e-01  5.08588992 9.27214784 
  8.225000e-01  5.08588992 9.27214784 
  8.250000e-01  5.08588992 9.27214784 
  8.275000e-01  5.08588992 9.27214784 
  8.300000e-01  5.08588992 9.27214784 
  8.325000e-01  5.08588992 9.27214784 
  8.350000e-01  5.08588992 9.27214784 
  8.375000e-01  5.08588992 9.27214784 
  8.400000e-01  5.08588992 9.27214784 
  8.425000e-01  5.08588992 9.27214784 
  8.450000e-01  5.08588992 9.27214784 
  8.475000e-01  5.08588992 9.27214784 
  8.500000e-01  5.08588992 9.27214784 
  8.525000e-01  5.08588992 9.27214783 
  8.550000e-01  5.08588992 9.27214783 
  8.575000e-01  5.08588992 9.27214783 
  8.600000e-01  5.08588992 9.27214783 
  8.625000e-01  5.08588992 9.27214783 
  8.650000e-01  5.08588992 9.27214783 
  8.675000e-01  5.08588992 9.27214783 
  8.700000e-01  5.08588992 9.27214783 
  8.725000e-01  5.08588992 9.27214783 
  8.750000e-01  5.08588992 9.27214783 
  8.775000e-01  5.08588992 9.27214783 
  8.800000e-01  5.08588992 9.27214783 
  8.825000e-01  5.08588992 9.27214783 
  8.850000e-01  5.08588992 9.27214783 
  8.875000e-01  5.08588992 9.27214783 
  8.900000e-01  5.08588992 9.27214782 
  8.925000e-01  5.08588992 9.27214782 
  8.950000e-01  5.08588992 9.27214782 
  8.975000e-01  5.08588992 9.27214782 
  9.000000e-01  5.08588992 9.27214782 
  9.025000e-01  5.08588992 9.27214782 
  9.050000e-01  5.08588992 9.27214782 
  9.075000e-01  5.08588992 9.27214782 
  9.100000e-01  5.08588992 9.27214782 
  9.125000e-01  5.08588992 9.27214782 
  9.150000e-01  5.08588992 9.27214782 
  9.175000e-01  5.08588992 9.27214782 
  9.200000e-01  5.08588992 9.27214782 
  9.225000e-01  5.08588992 9.27214782 
  9.250000e-01  5.08588992 9.27214782 
  9.275000e-01  5.08588992 9.27214782 
  9.300000e-01  5.08588992 9.27214782 
  9.325000e-01  5.08588992 9.27214782 
  9.350000e-01  5.08588992 9.27214781 
  9.375000e-01  5.08588992 9.27214781 
  9.400000e-01  5.08588992 9.27214781 
  9.425000e-01  5.08588992 9.27214781 
  9.450000e-01  5.08588992 9.27214781 
  9.475000e-01  5.08588992 9.27214781 
  9.500000e-01  5.08588992 9.27214781 
  9.525000e-01  5.08588992 9.27214781 
  9.550000e-01  5.08588992 9.27214781 
  9.575000e-01  5.08588992 9.27214781 
  9.600000e-01  5.08588992 9.27214781 
  9.625000e-01  5.08588992 9.27214781 
  9.650000e-01  5.08588992 9.27214781 
  9.675000e-01  5.08588992 9.27214781 
  9.700000e-01  5.08588992 9.27214781 
  9.725000e-01  5.08588992 9.27214781 
  9.750000e-01  5.08588992 9.27214781 
  9.775000e-01  5.08588992 9.27214781 
  9.800000e-01  5.08588992 9.27214781 
  9.825000e-01  5.08588992 9.27214781 
  9.850000e-01  5.08588992 9.27214781 
  9.875000e-01  5.08588992 9.27214781 
  9.900000e-01  5.08588992 9.27214781 
  9.925000e-01  5.08588992 9.27214781 
  9.950000e-01  5.08588992 9.27214781 
  9.975000e-01  5.08588992 9.27214780 
  1.000000e+00  5.08588992 9.27214780 
  1.002500e+00  5.08588992 9.27214780 
  1.005000e+00  5.08588992 9.27214780 
  1.007500e+00  5.08588992 9.27214780 
  1.010000e+00  5.08588992 9.27214780 
  1.012500e+00  5.08588992 9.27214780 
  1.015000e+00  5.08588992 9.27214780 
  1.017500e+00  5.08588992 9.27214780 
  1.020000e+00  5.08588992 9.27214780 
  1.022500e+00  5.08588992 9.27214780 
  1.025000e+00  5.08588992 9.27214780 
  1.027500e+00  5.08588992 9.27214780 
  1.030000e+00  5.08588992 9.27214780 
  1.032500e+00  5.08588992 9.27214780 
  1.035000e+00  5.08588992 9.27214780 
  1.037500e+00  5.08588992 9.27214780 
  1.040000e+00  5.08588992 9.27214780 
  1.042500e+00  5.08588992 9.27214780 
  1.045000e+00  5.08588992 9.27214780 
  1.047500e+00  5.08588992 9.27214780 
  1.050000e+00  5.08588992 9.27214780 
  1.052500e+00  5.08588992 9.27214780 
  1.055000e+00  5.08588992 9.27214780 
  1.057500e+00  5.08588992 9.27214780 
  1.060000e+00  5.08588992 9.27214780 
  1.062500e+00  5.08588992 9.27214780 
  1.065000e+00  5.08588992 9.27214780 
  1.067500e+00  5.08588992 9.27214780 
  1.070000e+00  5.08588992 9.27214780 
  1.072500e+00  5.08588992 9.27214780 
  1.075000e+00  5.08588992 9.27214780 
  1.077500e+00  5.08588992 9.27214780 
  1.080000e+00  5.08588992 9.27214780 
  1.082500e+00  5.08588992 9.27214780 
  1.085000e+00  5.08588992 9.27214780 
  1.087500e+00  5.08588992 9.27214780 
  1.090000e+00  5.08588992 9.27214780 
  1.092500e+00  5.08588992 9.27214780 
  1.095000e+00  5.08588992 9.27214780 
  1.097500e+00  5.08588992 9.27214780 
  1.100000e+00  5.08588992 9.27214780 
  1.102500e+00  5.08588992 9.27214780 
  1.105000e+00  5.08588992 9.27214780 
  1.107500e+00  5.08588992 9.27214780 
  1.110000e+00  5.08588992 9.27214780 
  1.112500e+00  5.08588992 9.27214780 
  1.115000e+00  5.08588992 9.27214780 
  1.117500e+00  5.08588992 9.27214780 
  1.120000e+00  5.08588992 9.27214780 
  1.122500e+00  5.08588992 9.27214780 
  1.125000e+00  5.08588992 9.27214780 
  1.127500e+00  5.08588992 9.27214780 
  1.130000e+00  5.08588992 9.27214780 
  1.132500e+00  5.08588992 9.27214779 
  1.135000e+00  5.08588992 9.27214779 
  1.137500e+00  5.08588992 9.27214779 
  1.140000e+00  5.08588992 9.27214779 
  1.142500e+00  5.08588992 9.27214779 
  1.145000e+00  5.08588992 9.27214779 
  1.147500e+00  5.08588992 9.27214779 
  1.150000e+00  5.08588992 9.27214779 
  1.152500e+00  5.08588992 9.27214779 
  1.155000e+00  5.08588992 9.27214779 
  1.157500e+00  5.08588992 9.27214779 
  1.160000e+00  5.08588992 9.27214779 
  1.162500e+00  5.08588992 9.27214779 
  1.165000e+00  5.08588992 9.27214779 
  1.167500e+00  5.08588992 9.27214779 
  1.170000e+00  5.08588992 9.27214779 
  1.172500e+00  5.08588992 9.27214779 
  1.175000e+00  5.08588992 9.27214779 
  1.177500e+00  5.08588992 9.27214779 
  1.180000e+00  5.08588992 9.27214779 
  1.182500e+00  5.08588992 9.27214779 
  1.185000e+00  5.08588992 9.27214779 
  1.187500e+00  5.08588992 9.27214779 
  1.190000e+00  5.08588992 9.27214779 
  1.192500e+00  5.08588992 9.27214779 
  1.195000e+00  5.08588992 9.27214779 
  1.197500e+00  5.08588992 9.27214779 
  1.200000e+00  5.08588992 9.27214779 
  1.202500e+00  5.08588992 9.27214779 
  1.205000e+00  5.08588992 9.27214779 
  1.207500e+00  5.08588992 9.27214779 
  1.210000e+00  5.08588992 9.27214779 
  1.212500e+00  5.08588992 9.27214779 
  1.215000e+00  5.08588992 9.27214779 
  1.217500e+00  5.08588992 9.27214779 
  1.220000e+00  5.08588992 9.27214779 
  1.222500e+00  5.08588992 9.27214779 
  1.225000e+00  5.08588992 9.27214779 
  1.227500e+00  5.08588992 9.27214779 
  1.230000e+00  5.08588992 9.27214779 
  1.232500e+00  5.08588992 9.27214779 
  1.235000e+00  5.08588992 9.27214779 
  1.237500e+00  5.08588992 9.27214779 
  1.240000e+00  5.08588992 9.27214779 
  1.242500e+00  5.08588992 9.27214779 
  1.245000e+00  5.08588992 9.27214779 
  1.247500e+00  5.08588992 9.27214779 
  1.250000e+00  5.08588992 9.27214779 
  1.252500e+00  5.08588992 9.27214779 
  1.255000e+00  5.08588992 9.27214779 
  1.257500e+00  5.08588992 9.27214779 
  1.260000e+00  5.08588992 9.27214779 
  1.262500e+00  5.08588992 9.27214779 
  1.265000e+00  5.08588992 9.27214779 
  1.267500e+00  5.08588992 9.27214779 
  1.270000e+00  5.08588992 9.27214779 
  1.272500e+00  5.08588992 9.27214779 
  1.275000e+00  5.08588992 9.27214779 
  1.277500e+00  5.08588992 9.27214779 
  1.280000e+00  5.08588992 9.27214779 
  1.282500e+00  5.08588992 9.27214779 
  1.285000e+00  5.08588992 9.27214779 
  1.287500e+00  5.08588992 9.27214779 
  1.290000e+00  5.08588992 9.27214779 
  1.292500e+00  5.08588992 9.27214779 
  1.295000e+00  5.08588992 9.27214779 
  1.297500e+00  5.08588992 9.27214779 
  1.300000e+00  5.08588992 9.27214779 
  1.302500e+00  5.08588992 9.27214779 
  1.305000e+00  5.08588992 9.27214779 
  1.307500e+00  5.08588992 9.27214779 
  1.310000e+00  5.08588992 9.27214779 
  1.312500e+00  5.08588992 9.27214779 
  1.315000e+00  5.08588992 9.27214779 
  1.317500e+00  5.08588992 9.27214779 
  1.320000e+00  5.08588992 9.27214779 
  1.322500e+00  5.08588992 9.27214779 
  1.325000e+00  5.08588992 9.27214779 
  1.327500e+00  5.08588992 9.27214779 
  1.330000e+00  5.08588992 9.27214779 
  1.332500e+00  5.08588992 9.27214779 
  1.335000e+00  5.08588992 9.27214779 
  1.337500e+00  5.08588992 9.27214779 
  1.340000e+00  5.08588992 9.27214779 
  1.342500e+00  5.08588992 9.27214779 
  1.345000e+00  5.08588992 9.27214779 
  1.347500e+00  5.08588992 9.27214779 
  1.350000e+00  5.08588992 9.27214779 
  1.352500e+00  5.08588992 9.27214779 
  1.355000e+00  5.08588992 9.27214779 
  1.357500e+00  5.08588992 9.27214779 
  1.360000e+00  5.08588992 9.27214779 
  1.362500e+00  5.08588992 9.27214779 
  1.365000e+00  5.08588992 9.27214779 
  1.367500e+00  5.08588992 9.27214779 
  1.370000e+00  5.08588992 9.27214779 
  1.372500e+00  5.08588992 9.27214779 
  1.375000e+00  5.08588992 9.27214779 
  1.377500e+00  5.08588992 9.27214779 
  1.380000e+00  5.08588992 9.27214779 
  1.382500e+00  5.08588992 9.27214779 
  1.385000e+00  5.08588992 9.27214779 
  1.387500e+00  5.08588992 9.27214779 
  1.390000e+00  5.08588992 9.27214779 
  1.392500e+00  5.08588992 9.27214779 
  1.395000e+00  5.08588992 9.27214779 
  1.397500e+00  5.08588992 9.27214779 
  1.400000e+00  5.08588992 9.27214779 
  1.402500e+00  5.08588992 9.27214779 
  1.405000e+00  5.08588992 9.27214779 
  1.407500e+00  5.08588992 9.27214779 
  1.410000e+00  5.08588992 9.27214779 
  1.412500e+00  5.08588992 9.27214779 
  1.415000e+00  5.08588992 9.27214779 
  1.417500e+00  5.08588992 9.27214779 
  1.420000e+00  5.08588992 9.27214779 
  1.422500e+00  5.08588992 9.27214779 
  1.425000e+00  5.08588992 9.27214779 
  1.427500e+00  5.08588992 9.27214779 
  1.430000e+00  5.08588992 9.27214779 
  1.432500e+00  5.08588992 9.27214779 
  1.435000e+00  5.08588992 9.27214779 
  1.437500e+00  5.08588992 9.27214779 
  1.440000e+00  5.08588992 9.27214779 
  1.442500e+00  5.08588992 9.27214779 
  1.445000e+00  5.08588992 9.27214779 
  1.447500e+00  5.08588992 9.27214779 
  1.450000e+00  5.08588992 9.27214779 
  1.452500e+00  5.08588992 9.27214779 
  1.455000e+00  5.08588992 9.27214779 
  1.457500e+00  5.08588992 9.27214779 
  1.460000e+00  5.08588992 9.27214779 
  1.462500e+00  5.08588992 9.27214779 
  1.465000e+00  5.08588992 9.27214779 
  1.467500e+00  5.08588992 9.27214779 
  1.470000e+00  5.08588992 9.27214779 
  1.472500e+00  5.08588992 9.27214779 
  1.475000e+00  5.08588992 9.27214779 
  1.477500e+00  5.08588992 9.27214779 
  1.480000e+00  5.08588992 9.27214779 
  1.482500e+00  5.08588992 9.27214779 
  1.485000e+00  5.08588992 9.27214779 
  1.487500e+00  5.08588992 9.27214779 
  1.490000e+00  5.08588992 9.27214779 
  1.492500e+00  5.08588992 9.27214779 
  1.495000e+00  5.08588992 9.27214779 
  1.497500e+00  5.08588992 9.27214779 
  1.500000e+00  5.08588992 9.27214779 
  1.502500e+00  5.08588992 9.27214779 
  1.505000e+00  5.08588992 9.27214779 
  1.507500e+00  5.08588992 9.27214779 
  1.510000e+00  5.08588992 9.27214779 
  1.512500e+00  5.08588992 9.27214779 
  1.515000e+00  5.08588992 9.27214779 
  1.517500e+00  5.08588992 9.27214779 
  1.520000e+00  5.08588992 9.27214779 
  1.522500e+00  5.08588992 9.27214779 
  1.525000e+00  5.08588992 9.27214779 
  1.527500e+00  5.08588992 9.27214779 
  1.530000e+00  5.08588992 9.27214779 
  1.532500e+00  5.08588992 9.27214779 
  1.535000e+00  5.08588992 9.27214779 
  1.537500e+00  5.08588992 9.27214779 
  1.540000e+00  5.08588992 9.27214779 
  1.542500e+00  5.08588992 9.27214779 
  1.545000e+00  5.08588992 9.27214779 
  1.547500e+00  5.08588992 9.27214779 
  1.550000e+00  5.08588992 9.27214779 
  1.552500e+00  5.08588992 9.27214779 
  1.555000e+00  5.08588992 9.27214779 
  1.557500e+00  5.08588992 9.27214779 
  1.560000e+00  5.08588992 9.27214779 
  1.562500e+00  5.08588992 9.27214779 
  1.565000e+00  5.08588992 9.27214779 
  1.567500e+00  5.08588992 9.27214779 
  1.570000e+00  5.08588992 9.27214779 
  1.572500e+00  5.08588992 9.27214779 
  1.575000e+00  5.08588992 9.27214779 
  1.577500e+00  5.08588992 9.27214779 
  1.580000e+00  5.08588992 9.27214779 
  1.582500e+00  5.08588992 9.27214779 
  1.585000e+00  5.08588992 9.27214779 
  1.587500e+00  5.08588992 9.27214779 
  1.590000e+00  5.08588992 9.27214779 
  1.592500e+00  5.08588992 9.27214779 
  1.595000e+00  5.08588992 9.27214779 
  1.597500e+00  5.08588992 9.27214779 
  1.600000e+00  5.08588992 9.27214779 
  1.602500e+00  5.08588992 9.27214779 
  1.605000e+00  5.08588992 9.27214779 
  1.607500e+00  5.08588992 9.27214779 
  1.610000e+00  5.08588992 9.27214779 
  1.612500e+00  5.08588992 9.27214779 
  1.615000e+00  5.08588992 9.27214779 
  1.617500e+00  5.08588992 9.27214779 
  1.620000e+00  5.08588992 9.27214779 
  1.622500e+00  5.08588992 9.27214779 
  1.625000e+00  5.08588992 9.27214780 
  1.627500e+00  5.08588992 9.27214780 
  1.630000e+00  5.08588992 9.27214780 
  1.632500e+00  5.08588992 9.27214780 
  1.635000e+00  5.08588992 9.27214780 
  1.637500e+00  5.08588992 9.27214780 
  1.640000e+00  5.08588992 9.27214780 
  1.642500e+00  5.08588992 9.27214780 
  1.645000e+00  5.08588992 9.27214780 
  1.647500e+00  5.08588992 9.27214780 
  1.650000e+00  5.08588992 9.27214780 
  1.652500e+00  5.08588992 9.27214780 
  1.655000e+00  5.08588992 9.27214780 
  1.657500e+00  5.08588992 9.27214780 
  1.660000e+00  5.08588992 9.27214780 
  1.662500e+00  5.08588992 9.27214780 
  1.665000e+00  5.08588992 9.27214780 
  1.667500e+00  5.08588992 9.27214780 
  1.670000e+00  5.08588992 9.27214780 
  1.672500e+00  5.08588992 9.27214780 
  1.675000e+00  5.08588992 9.27214780 
  1.677500e+00  5.08588992 9.27214780 
  1.680000e+00  5.08588992 9.27214780 
  1.682500e+00  5.08588992 9.27214780 
  1.685000e+00  5.08588992 9.27214780 
  1.687500e+00  5.08588992 9.27214780 
  1.690000e+00  5.08588992 9.27214780 
  1.692500e+00  5.08588992 9.27214780 
  1.695000e+00  5.08588992 9.27214780 
  1.697500e+00  5.08588992 9.27214780 
  1.700000e+00  5.08588992 9.27214780 
  1.702500e+00  5.08588992 9.27214780 
  1.705000e+00  5.08588992 9.27214780 
  1.707500e+00  5.08588992 9.27214780 
  1.710000e+00  5.08588992 9.27214780 
  1.712500e+00  5.08588992 9.27214780 
  1.715000e+00  5.08588992 9.27214780 
  1.717500e+00  5.08588992 9.27214780 
  1.720000e+00  5.08588992 9.27214780 
  1.722500e+00  5.08588992 9.27214780 
  1.725000e+00  5.08588992 9.27214780 
  1.727500e+00  5.08588992 9.27214780 
  1.730000e+00  5.08588992 9.27214780 
  1.732500e+00  5.08588992 9.27214780 
  1.735000e+00  5.08588992 9.27214780 
  1.737500e+00  5.08588992 9.27214780 
  1.740000e+00  5.08588992 9.27214780 
  1.742500e+00  5.08588992 9.27214780 
  1.745000e+00  5.08588992 9.27214780 
  1.747500e+00  5.08588992 9.27214780 
  1.750000e+00  5.08588992 9.27214780 
  1.752500e+00  5.08588992 9.27214780 
  1.755000e+00  5.08588992 9.27214780 
  1.757500e+00  5.08588992 9.27214780 
  1.760000e+00  5.08588992 9.27214780 
  1.762500e+00  5.08588992 9.27214780 
  1.765000e+00  5.08588992 9.27214780 
  1.767500e+00  5.08588992 9.27214780 
  1.770000e+00  5.08588992 9.27214780 
  1.772500e+00  5.08588992 9.27214780 
  1.775000e+00  5.08588992 9.27214780 
  1.777500e+00  5.08588992 9.27214780 
  1.780000e+00  5.08588992 9.27214780 
  1.782500e+00  5.08588992 9.27214780 
  1.785000e+00  5.08588992 9.27214780 
  1.787500e+00  5.08588992 9.27214780 
  1.790000e+00  5.08588992 9.27214780 
  1.792500e+00  5.08588992 9.27214780 
  1.795000e+00  5.08588992 9.27214780 
  1.797500e+00  5.08588992 9.27214780 
  1.800000e+00  5.08588992 9.27214780 
  1.802500e+00  5.08588992 9.27214780 
  1.805000e+00  5.08588992 9.27214780 
  1.807500e+00  5.08588992 9.27214780 
  1.810000e+00  5.08588992 9.27214780 
  1.812500e+00  5.08588992 9.27214780 
  1.815000e+00  5.08588992 9.27214780 
  1.817500e+00  5.08588992 9.27214780 
  1.820000e+00  5.08588992 9.27214780 
  1.822500e+00  5.08588992 9.27214780 
  1.825000e+00  5.08588992 9.27214780 
  1.827500e+00  5.08588992 9.27214780 
  1.830000e+00  5.08588992 9.27214780 
  1.832500e+00  5.08588992 9.27214780 
  1.835000e+00  5.08588992 9.27214780 
  1.837500e+00  5.08588992 9.27214780 
  1.840000e+00  5.08588992 9.27214780 
  1.842500e+00  5.08588992 9.27214780 
  1.845000e+00  5.08588992 9.27214780 
  1.847500e+00  5.08588992 9.27214780 
  1.850000e+00  5.08588992 9.27214780 
  1.852500e+00  5.08588992 9.27214780 
  1.855000e+00  5.08588992 9.27214780 
  1.857500e+00  5.08588992 9.27214780 
  1.860000e+00  5.08588992 9.27214780 
  1.862500e+00  5.08588992 9.27214780 
  1.865000e+00  5.08588992 9.27214780 
  1.867500e+00  5.08588992 9.27214780 
  1.870000e+00  5.08588992 9.27214780 
  1.872500e+00  5.08588992 9.27214780 
  1.875000e+00  5.08588992 9.27214780 
  1.877500e+00  5.08588992 9.27214780 
  1.880000e+00  5.08588992 9.27214780 
  1.882500e+00  5.08588992 9.27214780 
  1.885000e+00  5.08588992 9.27214780 
  1.887500e+00  5.08588992 9.27214780 
  1.890000e+00  5.08588992 9.27214780 
  1.892500e+00  5.08588992 9.27214780 
  1.895000e+00  5.08588992 9.27214780 
  1.897500e+00  5.08588992 9.27214780 
  1.900000e+00  5.08588992 9.27214780 
  1.902500e+00  5.08588992 9.27214780 
  1.905000e+00  5.08588992 9.27214780 
  1.907500e+00  5.08588992 9.27214780 
  1.910000e+00  5.08588992 9.27214780 
  1.912500e+00  5.08588992 9.27214780 
  1.915000e+00  5.08588992 9.27214780 
  1.917500e+00  5.08588992 9.27214780 
  1.920000e+00  5.08588992 9.27214780 
  1.922500e+00  5.08588992 9.27214780 
  1.925000e+00  5.08588992 9.27214780 
  1.927500e+00  5.08588992 9.27214780 
  1.930000e+00  5.08588992 9.27214780 
  1.932500e+00  5.08588992 9.27214780 
  1.935000e+00  5.08588992 9.27214780 
  1.937500e+00  5.08588992 9.27214780 
  1.940000e+00  5.08588992 9.27214780 
  1.942500e+00  5.08588992 9.27214780 
  1.945000e+00  5.08588992 9.27214780 
  1.947500e+00  5.08588992 9.27214780 
  1.950000e+00  5.08588992 9.27214780 
  1.952500e+00  5.08588992 9.27214780 
  1.955000e+00  5.08588992 9.27214780 
  1.957500e+00  5.08588992 9.27214780 
  1.960000e+00  5.08588992 9.27214780 
  1.962500e+00  5.08588992 9.27214780 
  1.965000e+00  5.08588992 9.27214780 
  1.967500e+00  5.08588992 9.27214780 
  1.970000e+00  5.08588992 9.27214780 
  1.972500e+00  5.08588992 9.27214780 
  1.975000e+00  5.08588992 9.27214780 
  1.977500e+00  5.08588992 9.27214780 
  1.980000e+00  5.08588992 9.27214780 
  1.982500e+00  5.08588992 9.27214780 
  1.985000e+00  5.08588992 9.27214780 
  1.987500e+00  5.08588992 9.27214780 
  1.990000e+00  5.08588992 9.27214780 
  1.992500e+00  5.08588992 9.27214780 
  1.995000e+00  5.08588992 9.27214780 
  1.997500e+00  5.08588992 9.27214780 
  2.000000e+00  5.08588992 9.27214780 
  2.002500e+00  5.08588992 9.27214780 
  2.005000e+00  5.08588992 9.27214780 
  2.007500e+00  5.08588992 9.27214780 
  2.010000e+00  5.08588992 9.27214780 
  2.012500e+00  5.08588992 9.27214780 
  2.015000e+00  5.08588992 9.27214780 
  2.017500e+00  5.08588992 9.27214780 
  2.020000e+00  5.08588992 9.27214780 
  2.022500e+00  5.08588992 9.27214780 
  2.025000e+00  5.08588992 9.27214780 
  2.027500e+00  5.08588992 9.27214780 
  2.030000e+00  5.08588992 9.27214780 
  2.032500e+00  5.08588992 9.27214780 
  2.035000e+00  5.08588992 9.27214780 
  2.037500e+00  5.08588992 9.27214780 
  2.040000e+00  5.08588992 9.27214780 
  2.042500e+00  5.08588992 9.27214780 
  2.045000e+00  5.08588992 9.27214780 
  2.047500e+00  5.08588992 9.27214780 
  2.050000e+00  5.08588992 9.27214780 
  2.052500e+00  5.08588992 9.27214780 
  2.055000e+00  5.08588992 9.27214780 
  2.057500e+00  5.08588992 9.27214780 
  2.060000e+00  5.08588992 9.27214780 
  2.062500e+00  5.08588992 9.27214780 
  2.065000e+00  5.08588992 9.27214780 
  2.067500e+00  5.08588992 9.27214780 
  2.070000e+00  5.08588992 9.27214780 
  2.072500e+00  5.08588992 9.27214780 
  2.075000e+00  5.08588992 9.27214780 
  2.077500e+00  5.08588992 9.27214780 
  2.080000e+00  5.08588992 9.27214780 
  2.082500e+00  5.08588992 9.27214780 
  2.085000e+00  5.08588992 9.27214780 
  2.087500e+00  5.08588992 9.27214780 
  2.090000e+00  5.08588992 9.27214780 
  2.092500e+00  5.08588992 9.27214780 
  2.095000e+00  5.08588992 9.27214780 
  2.097500e+00  5.08588992 9.27214780 
  2.100000e+00  5.08588992 9.27214780 
  2.102500e+00  5.08588992 9.27214780 
  2.105000e+00  5.08588992 9.27214780 
  2.107500e+00  5.08588992 9.27214780 
  2.110000e+00  5.08588992 9.27214780 
  2.112500e+00  5.08588992 9.27214780 
  2.115000e+00  5.08588992 9.27214780 
  2.117500e+00  5.08588992 9.27214780 
  2.120000e+00  5.08588992 9.27214780 
  2.122500e+00  5.08588992 9.27214780 
  2.125000e+00  5.08588992 9.27214780 
  2.127500e+00  5.08588992 9.27214780 
  2.130000e+00  5.08588992 9.27214780 
  2.132500e+00  5.08588992 9.27214780 
  2.135000e+00  5.08588992 9.27214780 
  2.137500e+00  5.08588992 9.27214780 
  2.140000e+00  5.08588992 9.27214780 
  2.142500e+00  5.08588992 9.27214780 
  2.145000e+00  5.08588992 9.27214780 
  2.147500e+00  5.08588992 9.27214780 
  2.150000e+00  5.08588992 9.27214780 
  2.152500e+00  5.08588992 9.27214780 
  2.155000e+00  5.08588992 9.27214780 
  2.157500e+00  5.08588992 9.27214780 
  2.160000e+00  5.08588992 9.27214780 
  2.162500e+00  5.08588992 9.27214780 
  2.165000e+00  5.08588992 9.27214780 
  2.167500e+00  5.08588992 9.27214780 
  2.170000e+00  5.08588992 9.27214780 
  2.172500e+00  5.08588992 9.27214780 
  2.175000e+00  5.08588992 9.27214780 
  2.177500e+00  5.08588992 9.27214780 
  2.180000e+00  5.08588992 9.27214780 
  2.182500e+00  5.08588992 9.27214780 
  2.185000e+00  5.08588992 9.27214780 
  2.187500e+00  5.08588992 9.27214780 
  2.190000e+00  5.08588992 9.27214780 
  2.192500e+00  5.08588992 9.27214780 
  2.195000e+00  5.08588992 9.27214780 
  2.197500e+00  5.08588992 9.27214780 
  2.200000e+00  5.08588992 9.27214780 
  2.202500e+00  5.08588992 9.27214780 
  2.205000e+00  5.08588992 9.27214780 
  2.207500e+00  5.08588992 9.27214780 
  2.210000e+00  5.08588992 9.27214780 
  2.212500e+00  5.08588992 9.27214780 
  2.215000e+00  5.08588992 9.27214780 
  2.217500e+00  5.08588992 9.27214780 
  2.220000e+00  5.08588992 9.27214780 
  2.222500e+00  5.08588992 9.27214780 
  2.225000e+00  5.08588992 9.27214780 
  2.227500e+00  5.08588992 9.27214780 
  2.230000e+00  5.08588992 9.27214780 
  2.232500e+00  5.08588992 9.27214780 
  2.235000e+00  5.08588992 9.27214780 
  2.237500e+00  5.08588992 9.27214780 
  2.240000e+00  5.08588992 9.27214780 
  2.242500e+00  5.08588992 9.27214780 
  2.245000e+00  5.08588992 9.27214780 
  2.247500e+00  5.08588992 9.27214780 
  2.250000e+00  5.08588992 9.27214780 
  2.252500e+00  5.08588992 9.27214780 
  2.255000e+00  5.08588992 9.27214780 
  2.257500e+00  5.08588992 9.27214780 
  2.260000e+00  5.08588992 9.27214780 
  2.262500e+00  5.08588992 9.27214780 
  2.265000e+00  5.08588992 9.27214780 
  2.267500e+00  5.08588992 9.27214780 
  2.270000e+00  5.08588992 9.27214780 
  2.272500e+00  5.08588992 9.27214780 
  2.275000e+00  5.08588992 9.27214780 
  2.277500e+00  5.08588992 9.27214780 
  2.280000e+00  5.08588992 9.27214780 
  2.282500e+00  5.08588992 9.27214780 
  2.285000e+00  5.08588992 9.27214780 
  2.287500e+00  5.08588992 9.27214780 
  2.290000e+00  5.08588992 9.27214780 
  2.292500e+00  5.08588992 9.27214780 
  2.295000e+00  5.08588992 9.27214780 
  2.297500e+00  5.08588992 9.27214780 
  2.300000e+00  5.08588992 9.27214780 
  2.302500e+00  5.08588992 9.27214780 
  2.305000e+00  5.08588992 9.27214780 
  2.307500e+00  5.08588992 9.27214780 
  2.310000e+00  5.08588992 9.27214780 
  2.312500e+00  5.08588992 9.27214780 
  2.315000e+00  5.08588992 9.27214780 
  2.317500e+00  5.08588992 9.27214780 
  2.320000e+00  5.08588992 9.27214780 
  2.322500e+00  5.08588992 9.27214780 
  2.325000e+00  5.08588992 9.27214780 
  2.327500e+00  5.08588992 9.27214780 
  2.330000e+00  5.08588992 9.27214780 
  2.332500e+00  5.08588992 9.27214780 
  2.335000e+00  5.08588992 9.27214780 
  2.337500e+00  5.08588992 9.27214780 
  2.340000e+00  5.08588992 9.27214780 
  2.342500e+00  5.08588992 9.27214780 
  2.345000e+00  5.08588992 9.27214780 
  2.347500e+00  5.08588992 9.27214780 
  2.350000e+00  5.08588992 9.27214780 
  2.352500e+00  5.08588992 9.27214780 
  2.355000e+00  5.08588992 9.27214780 
  2.357500e+00  5.08588992 9.27214780 
  2.360000e+00  5.08588992 9.27214780 
  2.362500e+00  5.08588992 9.27214780 
  2.365000e+00  5.08588992 9.27214780 
  2.367500e+00  5.08588992 9.27214780 
  2.370000e+00  5.08588992 9.27214780 
  2.372500e+00  5.08588992 9.27214780 
  2.375000e+00  5.08588992 9.27214780 
  2.377500e+00  5.08588992 9.27214780 
  2.380000e+00  5.08588992 9.27214780 
  2.382500e+00  5.08588992 9.27214780 
  2.385000e+00  5.08588992 9.27214780 
  2.387500e+00  5.08588992 9.27214780 
  2.390000e+00  5.08588992 9.27214780 
  2.392500e+00  5.08588992 9.27214780 
  2.395000e+00  5.08588992 9.27214780 
  2.397500e+00  5.08588992 9.27214780 
  2.400000e+00  5.08588992 9.27214780 
  2.402500e+00  5.08588992 9.27214780 
  2.405000e+00  5.08588992 9.27214780 
  2.407500e+00  5.08588992 9.27214780 
  2.410000e+00  5.08588992 9.27214780 
  2.412500e+00  5.08588992 9.27214780 
  2.415000e+00  5.08588992 9.27214780 
  2.417500e+00  5.08588992 9.27214780 
  2.420000e+00  5.08588992 9.27214780 
  2.422500e+00  5.08588992 9.27214780 
  2.425000e+00  5.08588992 9.27214780 
  2.427500e+00  5.08588992 9.27214780 
  2.430000e+00  5.08588992 9.27214780 
  2.432500e+00  5.08588992 9.27214780 
  2.435000e+00  5.08588992 9.27214780 
  2.437500e+00  5.08588992 9.27214780 
  2.440000e+00  5.08588992 9.27214780 
  2.442500e+00  5.08588992 9.27214780 
  2.445000e+00  5.08588992 9.27214780 
  2.447500e+00  5.08588992 9.27214780 
  2.450000e+00  5.08588992 9.27214780 
  2.452500e+00  5.08588992 9.27214780 
  2.455000e+00  5.08588992 9.27214780 
  2.457500e+00  5.08588992 9.27214780 
  2.460000e+00  5.08588992 9.27214780 
  2.462500e+00  5.08588992 9.27214780 
  2.465000e+00  5.08588992 9.27214780 
  2.467500e+00  5.08588992 9.27214780 
  2.470000e+00  5.08588992 9.27214780 
  2.472500e+00  5.08588992 9.27214780 
  2.475000e+00  5.08588992 9.27214780 
  2.477500e+00  5.08588992 9.27214780 
  2.480000e+00  5.08588992 9.27214780 
  2.482500e+00  5.08588992 9.27214780 
  2.485000e+00  5.08588992 9.27214780 
  2.487500e+00  5.08588992 9.27214780 
  2.490000e+00  5.08588992 9.27214780 
  2.492500e+00  5.08588992 9.27214780 
  2.495000e+00  5.08588992 9.27214780 
  2.497500e+00  5.08588992 9.27214780 
  2.500000e+00  5.08588992 9.27214780 
  2.502500e+00  5.08588992 9.27214780 
  2.505000e+00  5.08588992 9.27214780 
  2.507500e+00  5.08588992 9.27214780 
  2.510000e+00  5.08588992 9.27214780 
  2.512500e+00  5.08588992 9.27214780 
  2.515000e+00  5.08588992 9.27214780 
  2.517500e+00  5.08588992 9.27214780 
  2.520000e+00  5.08588992 9.27214780 
  2.522500e+00  5.08588992 9.27214780 
  2.525000e+00  5.08588992 9.27214780 
  2.527500e+00  5.08588992 9.27214780 
  2.530000e+00  5.08588992 9.27214780 
  2.532500e+00  5.08588992 9.27214780 
  2.535000e+00  5.08588992 9.27214780 
  2.537500e+00  5.08588992 9.27214780 
  2.540000e+00  5.08588992 9.27214780 
  2.542500e+00  5.08588992 9.27214780 
  2.545000e+00  5.08588992 9.27214780 
  2.547500e+00  5.08588992 9.27214780 
  2.550000e+00  5.08588992 9.27214780 
  2.552500e+00  5.08588992 9.27214780 
  2.555000e+00  5.08588992 9.27214780 
  2.557500e+00  5.08588992 9.27214780 
  2.560000e+00  5.08588992 9.27214780 
  2.562500e+00  5.08588992 9.27214780 
  2.565000e+00  5.08588992 9.27214780 
  2.567500e+00  5.08588992 9.27214780 
  2.570000e+00  5.08588992 9.27214780 
  2.572500e+00  5.08588992 9.27214780 
  2.575000e+00  5.08588992 9.27214780 
  2.577500e+00  5.08588992 9.27214780 
  2.580000e+00  5.08588992 9.27214780 
  2.582500e+00  5.08588992 9.27214780 
  2.585000e+00  5.08588992 9.27214780 
  2.587500e+00  5.08588992 9.27214780 
  2.590000e+00  5.08588992 9.27214780 
  2.592500e+00  5.08588992 9.27214780 
  2.595000e+00  5.08588992 9.27214780 
  2.597500e+00  5.08588992 9.27214780 
  2.600000e+00  5.08588992 9.27214780 
  2.602500e+00  5.08588992 9.27214780 
  2.605000e+00  5.08588992 9.27214780 
  2.607500e+00  5.08588992 9.27214780 
  2.610000e+00  5.08588992 9.27214780 
  2.612500e+00  5.08588992 9.27214780 
  2.615000e+00  5.08588992 9.27214780 
  2.617500e+00  5.08588992 9.27214780 
  2.620000e+00  5.08588992 9.27214780 
  2.622500e+00  5.08588992 9.27214780 
  2.625000e+00  5.08588992 9.27214780 
  2.627500e+00  5.08588992 9.27214780 
  2.630000e+00  5.08588992 9.27214780 
  2.632500e+00  5.08588992 9.27214780 
  2.635000e+00  5.08588992 9.27214780 
  2.637500e+00  5.08588992 9.27214780 
  2.640000e+00  5.08588992 9.27214780 
  2.642500e+00  5.08588992 9.27214780 
  2.645000e+00  5.08588992 9.27214780 
  2.647500e+00  5.08588992 9.27214780 
  2.650000e+00  5.08588992 9.27214780 
  2.652500e+00  5.08588992 9.27214780 
  2.655000e+00  5.08588992 9.27214780 
  2.657500e+00  5.08588992 9.27214780 
  2.660000e+00  5.08588992 9.27214780 
  2.662500e+00  5.08588992 9.27214780 
  2.665000e+00  5.08588992 9.27214780 
  2.667500e+00  5.08588992 9.27214780 
  2.670000e+00  5.08588992 9.27214780 
  2.672500e+00  5.08588992 9.27214780 
  2.675000e+00  5.08588992 9.27214780 
  2.677500e+00  5.08588992 9.27214780 
  2.680000e+00  5.08588992 9.27214780 
  2.682500e+00  5.08588992 9.27214780 
  2.685000e+00  5.08588992 9.27214780 
  2.687500e+00  5.08588992 9.27214780 
  2.690000e+00  5.08588992 9.27214780 
  2.692500e+00  5.08588992 9.27214780 
  2.695000e+00  5.08588992 9.27214780 
  2.697500e+00  5.08588992 9.27214780 
  2.700000e+00  5.08588992 9.27214780 
  2.702500e+00  5.08588992 9.27214780 
  2.705000e+00  5.08588992 9.27214780 
  2.707500e+00  5.08588992 9.27214780 
  2.710000e+00  5.08588992 9.27214780 
  2.712500e+00  5.08588992 9.27214780 
  2.715000e+00  5.08588992 9.27214780 
  2.717500e+00  5.08588992 9.27214780 
  2.720000e+00  5.08588992 9.27214780 
  2.722500e+00  5.08588992 9.27214780 
  2.725000e+00  5.08588992 9.27214780 
  2.727500e+00  5.08588992 9.27214780 
  2.730000e+00  5.08588992 9.27214780 
  2.732500e+00  5.08588992 9.27214780 
  2.735000e+00  5.08588992 9.27214780 
  2.737500e+00  5.08588992 9.27214780 
  2.740000e+00  5.08588992 9.27214780 
  2.742500e+00  5.08588992 9.27214780 
  2.745000e+00  5.08588992 9.27214780 
  2.747500e+00  5.08588992 9.27214780 
  2.750000e+00  5.08588992 9.27214780 
  2.752500e+00  5.08588992 9.27214780 
  2.755000e+00  5.08588992 9.27214780 
  2.757500e+00  5.08588992 9.27214780 
  2.760000e+00  5.08588992 9.27214780 
  2.762500e+00  5.08588992 9.27214780 
  2.765000e+00  5.08588992 9.27214780 
  2.767500e+00  5.08588992 9.27214780 
  2.770000e+00  5.08588992 9.27214780 
  2.772500e+00  5.08588992 9.27214780 
  2.775000e+00  5.08588992 9.27214780 
  2.777500e+00  5.08588992 9.27214780 
  2.780000e+00  5.08588992 9.27214780 
  2.782500e+00  5.08588992 9.27214780 
  2.785000e+00  5.08588992 9.27214780 
  2.787500e+00  5.08588992 9.27214780 
  2.790000e+00  5.08588992 9.27214780 
  2.792500e+00  5.08588992 9.27214780 
  2.795000e+00  5.08588992 9.27214780 
  2.797500e+00  5.08588992 9.27214780 
  2.800000e+00  5.08588992 9.27214780 
  2.802500e+00  5.08588992 9.27214780 
  2.805000e+00  5.08588992 9.27214780 
  2.807500e+00  5.08588992 9.27214780 
  2.810000e+00  5.08588992 9.27214780 
  2.812500e+00  5.08588992 9.27214780 
  2.815000e+00  5.08588992 9.27214780 
  2.817500e+00  5.08588992 9.27214780 
  2.820000e+00  5.08588992 9.27214780 
  2.822500e+00  5.08588992 9.27214780 
  2.825000e+00  5.08588992 9.27214780 
  2.827500e+00  5.08588992 9.27214780 
  2.830000e+00  5.08588992 9.27214780 
  2.832500e+00  5.08588992 9.27214780 
  2.835000e+00  5.08588992 9.27214780 
  2.837500e+00  5.08588992 9.27214780 
  2.840000e+00  5.08588992 9.27214780 
  2.842500e+00  5.08588992 9.27214780 
  2.845000e+00  5.08588992 9.27214780 
  2.847500e+00  5.08588992 9.27214780 
  2.850000e+00  5.08588992 9.27214780 
  2.852500e+00  5.08588992 9.27214780 
  2.855000e+00  5.08588992 9.27214780 
  2.857500e+00  5.08588992 9.27214780 
  2.860000e+00  5.08588992 9.27214780 
  2.862500e+00  5.08588992 9.27214780 
  2.865000e+00  5.08588992 9.27214780 
  2.867500e+00  5.08588992 9.27214780 
  2.870000e+00  5.08588992 9.27214780 
  2.872500e+00  5.08588992 9.27214780 
  2.875000e+00  5.08588992 9.27214780 
  2.877500e+00  5.08588992 9.27214780 
  2.880000e+00  5.08588992 9.27214780 
  2.882500e+00  5.08588992 9.27214780 
  2.885000e+00  5.08588992 9.27214780 
  2.887500e+00  5.08588992 9.27214780 
  2.890000e+00  5.08588992 9.27214780 
  2.892500e+00  5.08588992 9.27214780 
  2.895000e+00  5.08588992 9.27214780 
  2.897500e+00  5.08588992 9.27214780 
  2.900000e+00  5.08588992 9.27214780 
  2.902500e+00  5.08588992 9.27214780 
  2.905000e+00  5.08588992 9.27214780 
  2.907500e+00  5.08588992 9.27214780 
  2.910000e+00  5.08588992 9.27214780 
  2.912500e+00  5.08588992 9.27214780 
  2.915000e+00  5.08588992 9.27214780 
  2.917500e+00  5.08588992 9.27214780 
  2.920000e+00  5.08588992 9.27214780 
  2.922500e+00  5.08588992 9.27214780 
  2.925000e+00  5.08588992 9.27214780 
  2.927500e+00  5.08588992 9.27214780 
  2.930000e+00  5.08588992 9.27214780 
  2.932500e+00  5.08588992 9.27214780 
  2.935000e+00  5.08588992 9.27214780 
  2.937500e+00  5.08588992 9.27214780 
  2.940000e+00  5.08588992 9.27214780 
  2.942500e+00  5.08588992 9.27214780 
  2.945000e+00  5.08588992 9.27214780 
  2.947500e+00  5.08588992 9.27214780 
  2.950000e+00  5.08588992 9.27214780 
  2.952500e+00  5.08588992 9.27214780 
  2.955000e+00  5.08588992 9.27214780 
  2.957500e+00  5.08588992 9.27214780 
  2.960000e+00  5.08588992 9.27214780 
  2.962500e+00  5.08588992 9.27214780 
  2.965000e+00  5.08588992 9.27214780 
  2.967500e+00  5.08588992 9.27214780 
  2.970000e+00  5.08588992 9.27214780 
  2.972500e+00  5.08588992 9.27214780 
  2.975000e+00  5.08588992 9.27214780 
  2.977500e+00  5.08588992 9.27214780 
  2.980000e+00  5.08588992 9.27214780 
  2.982500e+00  5.08588992 9.27214780 
  2.985000e+00  5.08588992 9.27214780 
  2.987500e+00  5.08588992 9.27214780 
  2.990000e+00  5.08588992 9.27214780 
  2.992500e+00  5.08588992 9.27214780 
  2.995000e+00  5.08588992 9.27214780 
  2.997500e+00  5.08588992 9.27214780 
  3.000000e+00  5.08588992 9.27214780 
  3.002500e+00  5.08588992 9.27214780 
  3.005000e+00  5.08588992 9.27214780 
  3.007500e+00  5.08588992 9.27214780 
  3.010000e+00  5.08588992 9.27214780 
  3.012500e+00  5.08588992 9.27214780 
  3.015000e+00  5.08588992 9.27214780 
  3.017500e+00  5.08588992 9.27214780 
  3.020000e+00  5.08588992 9.27214780 
  3.022500e+00  5.08588992 9.27214780 
  3.025000e+00  5.08588992 9.27214780 
  3.027500e+00  5.08588992 9.27214780 
  3.030000e+00  5.08588992 9.27214780 
  3.032500e+00  5.08588992 9.27214780 
  3.035000e+00  5.08588992 9.27214780 
  3.037500e+00  5.08588992 9.27214780 
  3.040000e+00  5.08588992 9.27214780 
  3.042500e+00  5.08588992 9.27214780 
  3.045000e+00  5.08588992 9.27214780 
  3.047500e+00  5.08588992 9.27214780 
  3.050000e+00  5.08588992 9.27214780 
  3.052500e+00  5.08588992 9.27214780 
  3.055000e+00  5.08588992 9.27214780 
  3.057500e+00  5.08588992 9.27214780 
  3.060000e+00  5.08588992 9.27214780 
  3.062500e+00  5.08588992 9.27214780 
  3.065000e+00  5.08588992 9.27214780 
  3.067500e+00  5.08588992 9.27214780 
  3.070000e+00  5.08588992 9.27214780 
  3.072500e+00  5.08588992 9.27214780 
  3.075000e+00  5.08588992 9.27214780 
  3.077500e+00  5.08588992 9.27214780 
  3.080000e+00  5.08588992 9.27214780 
  3.082500e+00  5.08588992 9.27214780 
  3.085000e+00  5.08588992 9.27214780 
  3.087500e+00  5.08588992 9.27214780 
  3.090000e+00  5.08588992 9.27214780 
  3.092500e+00  5.08588992 9.27214780 
  3.095000e+00  5.08588992 9.27214780 
  3.097500e+00  5.08588992 9.27214780 
  3.100000e+00  5.08588992 9.27214780 
  3.102500e+00  5.08588992 9.27214780 
  3.105000e+00  5.08588992 9.27214780 
  3.107500e+00  5.08588992 9.27214780 
  3.110000e+00  5.08588992 9.27214780 
  3.112500e+00  5.08588992 9.27214780 
  3.115000e+00  5.08588992 9.27214780 
  3.117500e+00  5.08588992 9.27214780 
  3.120000e+00  5.08588992 9.27214780 
  3.122500e+00  5.08588992 9.27214780 
  3.125000e+00  5.08588992 9.27214780 
  3.127500e+00  5.08588992 9.27214780 
  3.130000e+00  5.08588992 9.27214780 
  3.132500e+00  5.08588992 9.27214780 
  3.135000e+00  5.08588992 9.27214780 
  3.137500e+00  5.08588992 9.27214780 
  3.140000e+00  5.08588992 9.27214780 
  3.142500e+00  5.08588992 9.27214780 
  3.145000e+00  5.08588992 9.27214780 
  3.147500e+00  5.08588992 9.27214780 
  3.150000e+00  5.08588992 9.27214780 
  3.152500e+00  5.08588992 9.27214780 
  3.155000e+00  5.08588992 9.27214780 
  3.157500e+00  5.08588992 9.27214780 
  3.160000e+00  5.08588992 9.27214780 
  3.162500e+00  5.08588992 9.27214780 
  3.165000e+00  5.08588992 9.27214780 
  3.167500e+00  5.08588992 9.27214780 
  3.170000e+00  5.08588992 9.27214780 
  3.172500e+00  5.08588992 9.27214780 
  3.175000e+00  5.08588992 9.27214780 
  3.177500e+00  5.08588992 9.27214780 
  3.180000e+00  5.08588992 9.27214780 
  3.182500e+00  5.08588992 9.27214780 
  3.185000e+00  5.08588992 9.27214780 
  3.187500e+00  5.08588992 9.27214780 
  3.190000e+00  5.08588992 9.27214780 
  3.192500e+00  5.08588992 9.27214780 
  3.195000e+00  5.08588992 9.27214780 
  3.197500e+00  5.08588992 9.27214780 
  3.200000e+00  5.08588992 9.27214780 
  3.202500e+00  5.08588992 9.27214780 
  3.205000e+00  5.08588992 9.27214780 
  3.207500e+00  5.08588992 9.27214780 
  3.210000e+00  5.08588992 9.27214780 
  3.212500e+00  5.08588992 9.27214780 
  3.215000e+00  5.08588992 9.27214780 
  3.217500e+00  5.08588992 9.27214780 
  3.220000e+00  5.08588992 9.27214780 
  3.222500e+00  5.08588992 9.27214780 
  3.225000e+00  5.08588992 9.27214780 
  3.227500e+00  5.08588992 9.27214780 
  3.230000e+00  5.08588992 9.27214780 
  3.232500e+00  5.08588992 9.27214780 
  3.235000e+00  5.08588992 9.27214780 
  3.237500e+00  5.08588992 9.27214780 
  3.240000e+00  5.08588992 9.27214780 
  3.242500e+00  5.08588992 9.27214780 
  3.245000e+00  5.08588992 9.27214780 
  3.247500e+00  5.08588992 9.27214780 
  3.250000e+00  5.08588992 9.27214780 
  3.252500e+00  5.08588992 9.27214780 
  3.255000e+00  5.08588992 9.27214780 
  3.257500e+00  5.08588992 9.27214780 
  3.260000e+00  5.08588992 9.27214780 
  3.262500e+00  5.08588992 9.27214780 
  3.265000e+00  5.08588992 9.27214780 
  3.267500e+00  5.08588992 9.27214780 
  3.270000e+00  5.08588992 9.27214780 
  3.272500e+00  5.08588992 9.27214780 
  3.275000e+00  5.08588992 9.27214780 
  3.277500e+00  5.08588992 9.27214780 
  3.280000e+00  5.08588992 9.27214780 
  3.282500e+00  5.08588992 9.27214780 
  3.285000e+00  5.08588992 9.27214780 
  3.287500e+00  5.08588992 9.27214780 
  3.290000e+00  5.08588992 9.27214780 
  3.292500e+00  5.08588992 9.27214780 
  3.295000e+00  5.08588992 9.27214780 
  3.297500e+00  5.08588992 9.27214780 
  3.300000e+00  5.08588992 9.27214780 
  3.302500e+00  5.08588992 9.27214780 
  3.305000e+00  5.08588992 9.27214780 
  3.307500e+00  5.08588992 9.27214780 
  3.310000e+00  5.08588992 9.27214780 
  3.312500e+00  5.08588992 9.27214780 
  3.315000e+00  5.08588992 9.27214780 
  3.317500e+00  5.08588992 9.27214780 
  3.320000e+00  5.08588992 9.27214780 
  3.322500e+00  5.08588992 9.27214780 
  3.325000e+00  5.08588992 9.27214780 
  3.327500e+00  5.08588992 9.27214780 
  3.330000e+00  5.08588992 9.27214780 
  3.332500e+00  5.08588992 9.27214780 
  3.335000e+00  5.08588992 9.27214780 
  3.337500e+00  5.08588992 9.27214780 
  3.340000e+00  5.08588992 9.27214780 
  3.342500e+00  5.08588992 9.27214780 
  3.345000e+00  5.08588992 9.27214780 
  3.347500e+00  5.08588992 9.27214780 
  3.350000e+00  5.08588992 9.27214780 
  3.352500e+00  5.08588992 9.27214780 
  3.355000e+00  5.08588992 9.27214780 
  3.357500e+00  5.08588992 9.27214780 
  3.360000e+00  5.08588992 9.27214780 
  3.362500e+00  5.08588992 9.27214780 
  3.365000e+00  5.08588992 9.27214780 
  3.367500e+00  5.08588992 9.27214780 
  3.370000e+00  5.08588992 9.27214780 
  3.372500e+00  5.08588992 9.27214780 
  3.375000e+00  5.08588992 9.27214780 
  3.377500e+00  5.08588992 9.27214780 
  3.380000e+00  5.08588992 9.27214780 
  3.382500e+00  5.08588992 9.27214780 
  3.385000e+00  5.08588992 9.27214780 
  3.387500e+00  5.08588992 9.27214780 
  3.390000e+00  5.08588992 9.27214780 
  3.392500e+00  5.08588992 9.27214780 
  3.395000e+00  5.08588992 9.27214780 
  3.397500e+00  5.08588992 9.27214780 
  3.400000e+00  5.08588992 9.27214780 
  3.402500e+00  5.08588992 9.27214780 
  3.405000e+00  5.08588992 9.27214780 
  3.407500e+00  5.08588992 9.27214780 
  3.410000e+00  5.08588992 9.27214780 
  3.412500e+00  5.08588992 9.27214780 
  3.415000e+00  5.08588992 9.27214780 
  3.417500e+00  5.08588992 9.27214780 
  3.420000e+00  5.08588992 9.27214780 
  3.422500e+00  5.08588992 9.27214780 
  3.425000e+00  5.08588992 9.27214780 
  3.427500e+00  5.08588992 9.27214780 
  3.430000e+00  5.08588992 9.27214780 
  3.432500e+00  5.08588992 9.27214780 
  3.435000e+00  5.08588992 9.27214780 
  3.437500e+00  5.08588992 9.27214780 
  3.440000e+00  5.08588992 9.27214780 
  3.442500e+00  5.08588992 9.27214780 
  3.445000e+00  5.08588992 9.27214780 
  3.447500e+00  5.08588992 9.27214780 
  3.450000e+00  5.08588992 9.27214780 
  3.452500e+00  5.08588992 9.27214780 
  3.455000e+00  5.08588992 9.27214780 
  3.457500e+00  5.08588992 9.27214780 
  3.460000e+00  5.08588992 9.27214780 
  3.462500e+00  5.08588992 9.27214780 
  3.465000e+00  5.08588992 9.27214780 
  3.467500e+00  5.08588992 9.27214780 
  3.470000e+00  5.08588992 9.27214780 
  3.472500e+00  5.08588992 9.27214780 
  3.475000e+00  5.08588992 9.27214780 
  3.477500e+00  5.08588992 9.27214780 
  3.480000e+00  5.08588992 9.27214780 
  3.482500e+00  5.08588992 9.27214780 
  3.485000e+00  5.08588992 9.27214780 
  3.487500e+00  5.08588992 9.27214780 
  3.490000e+00  5.08588992 9.27214780 
  3.492500e+00  5.08588992 9.27214780 
  3.495000e+00  5.08588992 9.27214780 
  3.497500e+00  5.08588992 9.27214780 
  3.500000e+00  5.08588992 9.27214780 
  3.502500e+00  5.08588992 9.27214780 
  3.505000e+00  5.08588992 9.27214780 
  3.507500e+00  5.08588992 9.27214780 
  3.510000e+00  5.08588992 9.27214780 
  3.512500e+00  5.08588992 9.27214780 
  3.515000e+00  5.08588992 9.27214780 
  3.517500e+00  5.08588992 9.27214780 
  3.520000e+00  5.08588992 9.27214780 
  3.522500e+00  5.08588992 9.27214780 
  3.525000e+00  5.08588992 9.27214780 
  3.527500e+00  5.08588992 9.27214780 
  3.530000e+00  5.08588992 9.27214780 
  3.532500e+00  5.08588992 9.27214780 
  3.535000e+00  5.08588992 9.27214780 
  3.537500e+00  5.08588992 9.27214780 
  3.540000e+00  5.08588992 9.27214780 
  3.542500e+00  5.08588992 9.27214780 
  3.545000e+00  5.08588992 9.27214780 
  3.547500e+00  5.08588992 9.27214780 
  3.550000e+00  5.08588992 9.27214780 
  3.552500e+00  5.08588992 9.27214780 
  3.555000e+00  5.08588992 9.27214780 
  3.557500e+00  5.08588992 9.27214780 
  3.560000e+00  5.08588992 9.27214780 
  3.562500e+00  5.08588992 9.27214780 
  3.565000e+00  5.08588992 9.27214780 
  3.567500e+00  5.08588992 9.27214780 
  3.570000e+00  5.08588992 9.27214780 
  3.572500e+00  5.08588992 9.27214780 
  3.575000e+00  5.08588992 9.27214780 
  3.577500e+00  5.08588992 9.27214780 
  3.580000e+00  5.08588992 9.27214780 
  3.582500e+00  5.08588992 9.27214780 
  3.585000e+00  5.08588992 9.27214780 
  3.587500e+00  5.08588992 9.27214780 
  3.590000e+00  5.08588992 9.27214780 
  3.592500e+00  5.08588992 9.27214780 
  3.595000e+00  5.08588992 9.27214780 
  3.597500e+00  5.08588992 9.27214780 
  3.600000e+00  5.08588992 9.27214780 
  3.602500e+00  5.08588992 9.27214780 
  3.605000e+00  5.08588992 9.27214780 
  3.607500e+00  5.08588992 9.27214780 
  3.610000e+00  5.08588992 9.27214780 
  3.612500e+00  5.08588992 9.27214780 
  3.615000e+00  5.08588992 9.27214780 
  3.617500e+00  5.08588992 9.27214780 
  3.620000e+00  5.08588992 9.27214780 
  3.622500e+00  5.08588992 9.27214780 
  3.625000e+00  5.08588992 9.27214780 
  3.627500e+00  5.08588992 9.27214780 
  3.630000e+00  5.08588992 9.27214780 
  3.632500e+00  5.08588992 9.27214780 
  3.635000e+00  5.08588992 9.27214780 
  3.637500e+00  5.08588992 9.27214780 
  3.640000e+00  5.08588992 9.27214780 
  3.642500e+00  5.08588992 9.27214780 
  3.645000e+00  5.08588992 9.27214780 
  3.647500e+00  5.08588992 9.27214780 
  3.650000e+00  5.08588992 9.27214780 
  3.652500e+00  5.08588992 9.27214780 
  3.655000e+00  5.08588992 9.27214780 
  3.657500e+00  5.08588992 9.27214780 
  3.660000e+00  5.08588992 9.27214780 
  3.662500e+00  5.08588992 9.27214780 
  3.665000e+00  5.08588992 9.27214780 
  3.667500e+00  5.08588992 9.27214780 
  3.670000e+00  5.08588992 9.27214780 
  3.672500e+00  5.08588992 9.27214780 
  3.675000e+00  5.08588992 9.27214780 
  3.677500e+00  5.08588992 9.27214780 
  3.680000e+00  5.08588992 9.27214780 
  3.682500e+00  5.08588992 9.27214780 
  3.685000e+00  5.08588992 9.27214780 
  3.687500e+00  5.08588992 9.27214780 
  3.690000e+00  5.08588992 9.27214780 
  3.692500e+00  5.08588992 9.27214780 
  3.695000e+00  5.08588992 9.27214780 
  3.697500e+00  5.08588992 9.27214780 
  3.700000e+00  5.08588992 9.27214780 
  3.702500e+00  5.08588992 9.27214780 
  3.705000e+00  5.08588992 9.27214780 
  3.707500e+00  5.08588992 9.27214780 
  3.710000e+00  5.08588992 9.27214780 
  3.712500e+00  5.08588992 9.27214780 
  3.715000e+00  5.08588992 9.27214780 
  3.717500e+00  5.08588992 9.27214780 
  3.720000e+00  5.08588992 9.27214780 
  3.722500e+00  5.08588992 9.27214780 
  3.725000e+00  5.08588992 9.27214780 
  3.727500e+00  5.08588992 9.27214780 
  3.730000e+00  5.08588992 9.27214780 
  3.732500e+00  5.08588992 9.27214780 
  3.735000e+00  5.08588992 9.27214780 
  3.737500e+00  5.08588992 9.27214780 
  3.740000e+00  5.08588992 9.27214780 
  3.742500e+00  5.08588992 9.27214780 
  3.745000e+00  5.08588992 9.27214780 
  3.747500e+00  5.08588992 9.27214780 
  3.750000e+00  5.08588992 9.27214780 
  3.752500e+00  5.08588992 9.27214780 
  3.755000e+00  5.08588992 9.27214780 
  3.757500e+00  5.08588992 9.27214780 
  3.760000e+00  5.08588992 9.27214780 
  3.762500e+00  5.08588992 9.27214780 
  3.765000e+00  5.08588992 9.27214780 
  3.767500e+00  5.08588992 9.27214780 
  3.770000e+00  5.08588992 9.27214780 
  3.772500e+00  5.08588992 9.27214780 
  3.775000e+00  5.08588992 9.27214780 
  3.777500e+00  5.08588992 9.27214780 
  3.780000e+00  5.08588992 9.27214780 
  3.782500e+00  5.08588992 9.27214780 
  3.785000e+00  5.08588992 9.27214780 
  3.787500e+00  5.08588992 9.27214780 
  3.790000e+00  5.08588992 9.27214780 
  3.792500e+00  5.08588992 9.27214780 
  3.795000e+00  5.08588992 9.27214780 
  3.797500e+00  5.08588992 9.27214780 
  3.800000e+00  5.08588992 9.27214780 
  3.802500e+00  5.08588992 9.27214780 
  3.805000e+00  5.08588992 9.27214780 
  3.807500e+00  5.08588992 9.27214780 
  3.810000e+00  5.08588992 9.27214780 
  3.812500e+00  5.08588992 9.27214780 
  3.815000e+00  5.08588992 9.27214780 
  3.817500e+00  5.08588992 9.27214780 
  3.820000e+00  5.08588992 9.27214780 
  3.822500e+00  5.08588992 9.27214780 
  3.825000e+00  5.08588992 9.27214780 
  3.827500e+00  5.08588992 9.27214780 
  3.830000e+00  5.08588992 9.27214780 
  3.832500e+00  5.08588992 9.27214780 
  3.835000e+00  5.08588992 9.27214780 
  3.837500e+00  5.08588992 9.27214780 
  3.840000e+00  5.08588992 9.27214780 
  3.842500e+00  5.08588992 9.27214780 
  3.845000e+00  5.08588992 9.27214780 
  3.847500e+00  5.08588992 9.27214780 
  3.850000e+00  5.08588992 9.27214780 
  3.852500e+00  5.08588992 9.27214780 
  3.855000e+00  5.08588992 9.27214780 
  3.857500e+00  5.08588992 9.27214780 
  3.860000e+00  5.08588992 9.27214780 
  3.862500e+00  5.08588992 9.27214780 
  3.865000e+00  5.08588992 9.27214780 
  3.867500e+00  5.08588992 9.27214780 
  3.870000e+00  5.08588992 9.27214780 
  3.872500e+00  5.08588992 9.27214780 
  3.875000e+00  5.08588992 9.27214780 
  3.877500e+00  5.08588992 9.27214780 
  3.880000e+00  5.08588992 9.27214780 
  3.882500e+00  5.08588992 9.27214780 
  3.885000e+00  5.08588992 9.27214780 
  3.887500e+00  5.08588992 9.27214780 
  3.890000e+00  5.08588992 9.27214780 
  3.892500e+00  5.08588992 9.27214780 
  3.895000e+00  5.08588992 9.27214780 
  3.897500e+00  5.08588992 9.27214780 
  3.900000e+00  5.08588992 9.27214780 
  3.902500e+00  5.08588992 9.27214780 
  3.905000e+00  5.08588992 9.27214780 
  3.907500e+00  5.08588992 9.27214780 
  3.910000e+00  5.08588992 9.27214780 
  3.912500e+00  5.08588992 9.27214780 
  3.915000e+00  5.08588992 9.27214780 
  3.917500e+00  5.08588992 9.27214780 
  3.920000e+00  5.08588992 9.27214780 
  3.922500e+00  5.08588992 9.27214780 
  3.925000e+00  5.08588992 9.27214780 
  3.927500e+00  5.08588992 9.27214780 
  3.930000e+00  5.08588992 9.27214780 
  3.932500e+00  5.08588992 9.27214780 
  3.935000e+00  5.08588992 9.27214780 
  3.937500e+00  5.08588992 9.27214780 
  3.940000e+00  5.08588992 9.27214780 
  3.942500e+00  5.08588992 9.27214780 
  3.945000e+00  5.08588992 9.27214780 
  3.947500e+00  5.08588992 9.27214780 
  3.950000e+00  5.08588992 9.27214780 
  3.952500e+00  5.08588992 9.27214780 
  3.955000e+00  5.08588992 9.27214780 
  3.957500e+00  5.08588992 9.27214780 
  3.960000e+00  5.08588992 9.27214780 
  3.962500e+00  5.08588992 9.27214780 
  3.965000e+00  5.08588992 9.27214780 
  3.967500e+00  5.08588992 9.27214780 
  3.970000e+00  5.08588992 9.27214780 
  3.972500e+00  5.08588992 9.27214780 
  3.975000e+00  5.08588992 9.27214780 
  3.977500e+00  5.08588992 9.27214780 
  3.980000e+00  5.08588992 9.27214780 
  3.982500e+00  5.08588992 9.27214780 
  3.985000e+00  5.08588992 9.27214780 
  3.987500e+00  5.08588992 9.27214780 
  3.990000e+00  5.08588992 9.27214780 
  3.992500e+00  5.08588992 9.27214780 
  3.995000e+00  5.08588992 9.27214780 
  3.997500e+00  5.08588992 9.27214780 
  4.000000e+00  5.08588992 9.27214780 
