  0.000000e+00  15.102713  15.102713 1.000000
  1.000000e-02  13.948762  13.948762 0.250972
  2.000000e-02  12.707161  13.078886 -0.038031 
  3.000000e-02  11.720400  12.659672 -0.035257 
  4.000000e-02  10.912318  12.201602 -0.033508 
  5.000000e-02  10.212123  11.724635 -0.033236 
  6.000000e-02  9.673735  11.290666 -0.033389 
  7.000000e-02  9.300211  10.868582 -0.033651 
  8.000000e-02  9.044828  10.499965 -0.033751 
  9.000000e-02  8.845668  10.171014 -0.033858 
  1.000000e-01  8.656456  9.871256 -0.033965 
  1.100000e-01  8.417087  9.516409 -0.034006 
  1.200000e-01  8.175934  9.263619 -0.033948 
  1.300000e-01  7.971980  9.060049 -0.033917 
  1.400000e-01  7.799279  8.861961 -0.033957 
  1.500000e-01  7.656832  8.679340 -0.033930 
  1.600000e-01  7.536905  8.506599 -0.033901 
  1.700000e-01  7.426844  8.333551 -0.033861 
  1.800000e-01  7.320541  8.173721 -0.033831 
  1.900000e-01  7.219873  8.025152 -0.033810 
  2.000000e-01  7.124960  7.881600 -0.033809 
  2.100000e-01  7.042042  7.750878 -0.033778 
  2.200000e-01  6.967723  7.626081 -0.033769 
  2.300000e-01  6.897692  7.507128 -0.033761 
  2.400000e-01  6.814513  7.369349 -0.033761 
  2.500000e-01  6.727072  7.252084 -0.033761 
  2.600000e-01  6.643199  7.146083 -0.033755 
  2.700000e-01  6.567152  7.046763 -0.033758 
  2.800000e-01  6.498743  6.951239 -0.033765 
  2.900000e-01  6.435456  6.858475 -0.033776 
  3.000000e-01  6.373783  6.765696 -0.033787 
  3.100000e-01  6.313639  6.678313 -0.033798 
  3.200000e-01  6.257688  6.595808 -0.033812 
  3.300000e-01  6.208343  6.517557 -0.033824 
  3.400000e-01  6.166292  6.443035 -0.033835 
  3.500000e-01  6.130895  6.372289 -0.033843 
  3.600000e-01  6.096370  6.295995 -0.033850 
  3.700000e-01  6.065508  6.230354 -0.033854 
  3.800000e-01  6.040131  6.170656 -0.033853 
  3.900000e-01  6.020321  6.114797 -0.033852 
  4.000000e-01  6.004022  6.061214 -0.033850 
  4.100000e-01  5.987830  6.008919 -0.033844 
  4.200000e-01  5.968132  5.957358 -0.033836 
  4.300000e-01  5.941120  5.904776 -0.033823 
  4.400000e-01  5.905001  5.853145 -0.033806 
  4.500000e-01  5.859616  5.801878 -0.033788 
  4.600000e-01  5.805545  5.750455 -0.033769 
  4.700000e-01  5.743651  5.698487 -0.033748 
  4.800000e-01  5.675125  5.645855 -0.033728 
  4.900000e-01  5.601615  5.592633 -0.033710 
  5.000000e-01  5.521930  5.533157 -0.033698 
  5.100000e-01  5.440354  5.476890 -0.033695 
  5.200000e-01  5.360069  5.421551 -0.033692 
  5.300000e-01  5.283027  5.366279 -0.033699 
  5.400000e-01  5.210101  5.310704 -0.033713 
  5.500000e-01  5.141719  5.254748 -0.033732 
  5.600000e-01  5.078154  5.198824 -0.033753 
  5.700000e-01  5.019955  5.143145 -0.033774 
  5.800000e-01  4.967455  5.087858 -0.033793 
  5.900000e-01  4.920470  5.033106 -0.033808 
  6.000000e-01  4.878329  4.979123 -0.033820 
  6.100000e-01  4.840139  4.926239 -0.033827 
  6.200000e-01  4.803112  4.871169 -0.033832 
  6.300000e-01  4.767770  4.819776 -0.033835 
  6.400000e-01  4.734517  4.770911 -0.033837 
  6.500000e-01  4.703454  4.724051 -0.033839 
  6.600000e-01  4.674306  4.678847 -0.033841 
  6.700000e-01  4.646659  4.635135 -0.033842 
  6.800000e-01  4.620208  4.592861 -0.033843 
  6.900000e-01  4.594793  4.552070 -0.033845 
  7.000000e-01  4.570534  4.512837 -0.033845 
  7.100000e-01  4.547682  4.475082 -0.033845 
  7.200000e-01  4.526338  4.438696 -0.033844 
  7.300000e-01  4.506385  4.403603 -0.033843 
  7.400000e-01  4.487584  4.369792 -0.033842 
  7.500000e-01  4.468880  4.335626 -0.033839 
  7.600000e-01  4.450689  4.303750 -0.033838 
  7.700000e-01  4.433295  4.273433 -0.033836 
  7.800000e-01  4.416756  4.244330 -0.033834 
  7.900000e-01  4.400893  4.216215 -0.033834 
  8.000000e-01  4.385435  4.188977 -0.033833 
  8.100000e-01  4.370119  4.162515 -0.033835 
  8.200000e-01  4.354835  4.136965 -0.033836 
  8.300000e-01  4.339677  4.112302 -0.033838 
  8.400000e-01  4.324786  4.088485 -0.033840 
  8.500000e-01  4.310272  4.065490 -0.033843 
  8.600000e-01  4.296240  4.043339 -0.033846 
  8.700000e-01  4.282626  4.021570 -0.033849 
  8.800000e-01  4.269610  4.000734 -0.033852 
  8.900000e-01  4.257755  3.981196 -0.033855 
  9.000000e-01  4.247506  3.962775 -0.033857 
  9.100000e-01  4.239118  3.945379 -0.033859 
  9.200000e-01  4.232667  3.928967 -0.033862 
  9.300000e-01  4.228107  3.913535 -0.033864 
  9.400000e-01  4.225296  3.899063 -0.033866 
  9.500000e-01  4.224074  3.885624 -0.033867 
  9.600000e-01  4.224256  3.873200 -0.033869 
  9.700000e-01  4.225597  3.861763 -0.033870 
  9.800000e-01  4.227804  3.851281 -0.033872 
  9.900000e-01  4.230390  3.841348 -0.033872 
  1.000000e+00  4.233197  3.832553 -0.033874 
  1.010000e+00  4.236131  3.824722 -0.033874 
  1.020000e+00  4.239112  3.817749 -0.033874 
  1.030000e+00  4.242052  3.811541 -0.033873 
  1.040000e+00  4.244856  3.806019 -0.033873 
  1.050000e+00  4.247421  3.801031 -0.033872 
  1.060000e+00  4.249686  3.796617 -0.033871 
  1.070000e+00  4.251690  3.792778 -0.033869 
  1.080000e+00  4.253483  3.789424 -0.033868 
  1.090000e+00  4.255083  3.786481 -0.033867 
  1.100000e+00  4.256478  3.783886 -0.033866 
  1.110000e+00  4.257608  3.781503 -0.033866 
  1.120000e+00  4.258451  3.779389 -0.033865 
  1.130000e+00  4.259081  3.777575 -0.033865 
  1.140000e+00  4.259562  3.775991 -0.033865 
  1.150000e+00  4.259924  3.774584 -0.033866 
  1.160000e+00  4.260168  3.773312 -0.033866 
  1.170000e+00  4.260266  3.772103 -0.033867 
  1.180000e+00  4.260202  3.770988 -0.033868 
  1.190000e+00  4.260007  3.769989 -0.033870 
  1.200000e+00  4.259722  3.769075 -0.033871 
  1.210000e+00  4.259369  3.768219 -0.033872 
  1.220000e+00  4.258953  3.767406 -0.033873 
  1.230000e+00  4.258461  3.766591 -0.033874 
  1.240000e+00  4.257898  3.765811 -0.033875 
  1.250000e+00  4.257279  3.765065 -0.033876 
  1.260000e+00  4.256649  3.764363 -0.033876 
  1.270000e+00  4.256040  3.763689 -0.033876 
  1.280000e+00  4.255465  3.763020 -0.033877 
  1.290000e+00  4.254923  3.762366 -0.033877 
  1.300000e+00  4.254414  3.761726 -0.033877 
  1.310000e+00  4.253940  3.761102 -0.033877 
  1.320000e+00  4.253497  3.760496 -0.033876 
  1.330000e+00  4.253081  3.759902 -0.033876 
  1.340000e+00  4.252677  3.759311 -0.033876 
  1.350000e+00  4.252252  3.758697 -0.033875 
  1.360000e+00  4.251779  3.758077 -0.033875 
  1.370000e+00  4.251234  3.757448 -0.033874 
  1.380000e+00  4.250600  3.756808 -0.033874 
  1.390000e+00  4.249868  3.756154 -0.033873 
  1.400000e+00  4.249030  3.755480 -0.033873 
  1.410000e+00  4.248084  3.754784 -0.033872 
  1.420000e+00  4.247033  3.754064 -0.033872 
  1.430000e+00  4.245884  3.753316 -0.033872 
  1.440000e+00  4.244653  3.752542 -0.033872 
  1.450000e+00  4.243357  3.751742 -0.033872 
  1.460000e+00  4.242018  3.750914 -0.033872 
  1.470000e+00  4.240657  3.750061 -0.033872 
  1.480000e+00  4.239294  3.749183 -0.033872 
  1.490000e+00  4.237946  3.748283 -0.033873 
  1.500000e+00  4.236629  3.747363 -0.033873 
  1.510000e+00  4.235358  3.746429 -0.033873 
  1.520000e+00  4.234141  3.745482 -0.033874 
  1.530000e+00  4.232988  3.744528 -0.033874 
  1.540000e+00  4.231904  3.743571 -0.033874 
  1.550000e+00  4.230891  3.742614 -0.033874 
  1.560000e+00  4.229951  3.741663 -0.033875 
  1.570000e+00  4.229084  3.740721 -0.033875 
  1.580000e+00  4.228287  3.739793 -0.033875 
  1.590000e+00  4.227558  3.738882 -0.033875 
  1.600000e+00  4.226897  3.737991 -0.033875 
  1.610000e+00  4.226299  3.737123 -0.033875 
  1.620000e+00  4.225761  3.736282 -0.033875 
  1.630000e+00  4.225282  3.735469 -0.033875 
  1.640000e+00  4.224857  3.734686 -0.033875 
  1.650000e+00  4.224484  3.733934 -0.033875 
  1.660000e+00  4.224159  3.733216 -0.033874 
  1.670000e+00  4.223878  3.732530 -0.033874 
  1.680000e+00  4.223638  3.731878 -0.033874 
  1.690000e+00  4.223435  3.731260 -0.033874 
  1.700000e+00  4.223264  3.730675 -0.033874 
  1.710000e+00  4.223120  3.730122 -0.033874 
  1.720000e+00  4.222998  3.729601 -0.033874 
  1.730000e+00  4.222896  3.729111 -0.033874 
  1.740000e+00  4.222807  3.728650 -0.033874 
  1.750000e+00  4.222729  3.728218 -0.033874 
  1.760000e+00  4.222659  3.727813 -0.033874 
  1.770000e+00  4.222594  3.727434 -0.033874 
  1.780000e+00  4.222532  3.727080 -0.033874 
  1.790000e+00  4.222473  3.726750 -0.033874 
  1.800000e+00  4.222417  3.726441 -0.033874 
  1.810000e+00  4.222364  3.726155 -0.033874 
  1.820000e+00  4.222316  3.725888 -0.033874 
  1.830000e+00  4.222273  3.725641 -0.033874 
  1.840000e+00  4.222237  3.725412 -0.033874 
  1.850000e+00  4.222209  3.725201 -0.033874 
  1.860000e+00  4.222191  3.725006 -0.033874 
  1.870000e+00  4.222183  3.724828 -0.033874 
  1.880000e+00  4.222187  3.724666 -0.033874 
  1.890000e+00  4.222201  3.724518 -0.033874 
  1.900000e+00  4.222226  3.724384 -0.033874 
  1.910000e+00  4.222262  3.724264 -0.033874 
  1.920000e+00  4.222306  3.724157 -0.033874 
  1.930000e+00  4.222357  3.724061 -0.033874 
  1.940000e+00  4.222414  3.723977 -0.033874 
  1.950000e+00  4.222474  3.723904 -0.033874 
  1.960000e+00  4.222536  3.723840 -0.033874 
  1.970000e+00  4.222599  3.723786 -0.033874 
  1.980000e+00  4.222660  3.723739 -0.033874 
  1.990000e+00  4.222718  3.723700 -0.033874 
  2.000000e+00  4.222771  3.723668 -0.033874 
  2.010000e+00  4.222820  3.723641 -0.033874 
  2.020000e+00  4.222861  3.723619 -0.033874 
  2.030000e+00  4.222896  3.723601 -0.033874 
  2.040000e+00  4.222924  3.723586 -0.033874 
  2.050000e+00  4.222944  3.723574 -0.033874 
  2.060000e+00  4.222957  3.723564 -0.033874 
  2.070000e+00  4.222962  3.723555 -0.033874 
  2.080000e+00  4.222960  3.723546 -0.033874 
  2.090000e+00  4.222952  3.723537 -0.033874 
  2.100000e+00  4.222936  3.723529 -0.033874 
  2.110000e+00  4.222915  3.723519 -0.033874 
  2.120000e+00  4.222888  3.723508 -0.033874 
  2.130000e+00  4.222856  3.723496 -0.033874 
  2.140000e+00  4.222820  3.723482 -0.033874 
  2.150000e+00  4.222780  3.723467 -0.033874 
  2.160000e+00  4.222738  3.723450 -0.033874 
  2.170000e+00  4.222693  3.723431 -0.033874 
  2.180000e+00  4.222647  3.723410 -0.033874 
  2.190000e+00  4.222599  3.723388 -0.033874 
  2.200000e+00  4.222552  3.723364 -0.033874 
  2.210000e+00  4.222504  3.723339 -0.033874 
  2.220000e+00  4.222458  3.723312 -0.033874 
  2.230000e+00  4.222413  3.723285 -0.033874 
  2.240000e+00  4.222369  3.723256 -0.033874 
  2.250000e+00  4.222328  3.723227 -0.033874 
  2.260000e+00  4.222289  3.723197 -0.033874 
  2.270000e+00  4.222251  3.723167 -0.033874 
  2.280000e+00  4.222216  3.723136 -0.033874 
  2.290000e+00  4.222183  3.723105 -0.033874 
  2.300000e+00  4.222152  3.723074 -0.033874 
  2.310000e+00  4.222123  3.723044 -0.033874 
  2.320000e+00  4.222096  3.723013 -0.033874 
  2.330000e+00  4.222070  3.722983 -0.033874 
  2.340000e+00  4.222045  3.722953 -0.033874 
  2.350000e+00  4.222021  3.722924 -0.033874 
  2.360000e+00  4.221998  3.722895 -0.033874 
  2.370000e+00  4.221976  3.722866 -0.033874 
  2.380000e+00  4.221955  3.722839 -0.033874 
  2.390000e+00  4.221934  3.722812 -0.033874 
  2.400000e+00  4.221914  3.722785 -0.033874 
  2.410000e+00  4.221894  3.722759 -0.033874 
  2.420000e+00  4.221875  3.722734 -0.033874 
  2.430000e+00  4.221857  3.722709 -0.033874 
  2.440000e+00  4.221840  3.722686 -0.033874 
  2.450000e+00  4.221823  3.722662 -0.033874 
  2.460000e+00  4.221808  3.722640 -0.033874 
  2.470000e+00  4.221793  3.722619 -0.033874 
  2.480000e+00  4.221780  3.722598 -0.033874 
  2.490000e+00  4.221768  3.722578 -0.033874 
  2.500000e+00  4.221757  3.722558 -0.033874 
  2.510000e+00  4.221748  3.722540 -0.033874 
  2.520000e+00  4.221739  3.722523 -0.033874 
  2.530000e+00  4.221732  3.722506 -0.033874 
  2.540000e+00  4.221726  3.722490 -0.033874 
  2.550000e+00  4.221721  3.722475 -0.033874 
  2.560000e+00  4.221718  3.722461 -0.033874 
  2.570000e+00  4.221715  3.722448 -0.033874 
  2.580000e+00  4.221714  3.722436 -0.033874 
  2.590000e+00  4.221713  3.722425 -0.033874 
  2.600000e+00  4.221713  3.722415 -0.033874 
  2.610000e+00  4.221714  3.722405 -0.033874 
  2.620000e+00  4.221715  3.722396 -0.033874 
  2.630000e+00  4.221717  3.722388 -0.033874 
  2.640000e+00  4.221719  3.722381 -0.033874 
  2.650000e+00  4.221722  3.722375 -0.033874 
  2.660000e+00  4.221725  3.722369 -0.033874 
  2.670000e+00  4.221728  3.722364 -0.033874 
  2.680000e+00  4.221731  3.722359 -0.033874 
  2.690000e+00  4.221734  3.722355 -0.033874 
  2.700000e+00  4.221737  3.722351 -0.033874 
  2.710000e+00  4.221740  3.722348 -0.033874 
  2.720000e+00  4.221742  3.722346 -0.033874 
  2.730000e+00  4.221744  3.722343 -0.033874 
  2.740000e+00  4.221746  3.722341 -0.033874 
  2.750000e+00  4.221748  3.722339 -0.033874 
  2.760000e+00  4.221749  3.722338 -0.033874 
  2.770000e+00  4.221750  3.722337 -0.033874 
  2.780000e+00  4.221751  3.722336 -0.033874 
  2.790000e+00  4.221752  3.722335 -0.033874 
  2.800000e+00  4.221752  3.722334 -0.033874 
  2.810000e+00  4.221752  3.722333 -0.033874 
  2.820000e+00  4.221752  3.722332 -0.033874 
  2.830000e+00  4.221752  3.722332 -0.033874 
  2.840000e+00  4.221752  3.722331 -0.033874 
  2.850000e+00  4.221751  3.722331 -0.033874 
  2.860000e+00  4.221751  3.722330 -0.033874 
  2.870000e+00  4.221750  3.722329 -0.033874 
  2.880000e+00  4.221750  3.722329 -0.033874 
  2.890000e+00  4.221749  3.722328 -0.033874 
  2.900000e+00  4.221749  3.722328 -0.033874 
  2.910000e+00  4.221748  3.722327 -0.033874 
  2.920000e+00  4.221747  3.722327 -0.033874 
  2.930000e+00  4.221747  3.722326 -0.033874 
  2.940000e+00  4.221746  3.722326 -0.033874 
  2.950000e+00  4.221745  3.722325 -0.033874 
  2.960000e+00  4.221744  3.722325 -0.033874 
  2.970000e+00  4.221744  3.722324 -0.033874 
  2.980000e+00  4.221743  3.722323 -0.033874 
  2.990000e+00  4.221742  3.722323 -0.033874 
  3.000000e+00  4.221741  3.722322 -0.033874 
  3.010000e+00  4.221740  3.722321 -0.033874 
  3.020000e+00  4.221739  3.722320 -0.033874 
  3.030000e+00  4.221738  3.722320 -0.033874 
  3.040000e+00  4.221736  3.722319 -0.033874 
  3.050000e+00  4.221735  3.722318 -0.033874 
  3.060000e+00  4.221734  3.722317 -0.033874 
  3.070000e+00  4.221733  3.722316 -0.033874 
  3.080000e+00  4.221731  3.722315 -0.033874 
  3.090000e+00  4.221730  3.722314 -0.033874 
  3.100000e+00  4.221729  3.722313 -0.033874 
  3.110000e+00  4.221728  3.722312 -0.033874 
  3.120000e+00  4.221726  3.722311 -0.033874 
  3.130000e+00  4.221725  3.722310 -0.033874 
  3.140000e+00  4.221724  3.722309 -0.033874 
  3.150000e+00  4.221723  3.722308 -0.033874 
  3.160000e+00  4.221722  3.722307 -0.033874 
  3.170000e+00  4.221721  3.722306 -0.033874 
  3.180000e+00  4.221720  3.722305 -0.033874 
  3.190000e+00  4.221719  3.722304 -0.033874 
  3.200000e+00  4.221718  3.722303 -0.033874 
  3.210000e+00  4.221717  3.722302 -0.033874 
  3.220000e+00  4.221716  3.722301 -0.033874 
  3.230000e+00  4.221716  3.722300 -0.033874 
  3.240000e+00  4.221715  3.722300 -0.033874 
  3.250000e+00  4.221715  3.722299 -0.033874 
  3.260000e+00  4.221714  3.722298 -0.033874 
  3.270000e+00  4.221714  3.722297 -0.033874 
  3.280000e+00  4.221714  3.722296 -0.033874 
  3.290000e+00  4.221713  3.722296 -0.033874 
  3.300000e+00  4.221713  3.722295 -0.033874 
  3.310000e+00  4.221713  3.722294 -0.033874 
  3.320000e+00  4.221713  3.722294 -0.033874 
  3.330000e+00  4.221713  3.722293 -0.033874 
  3.340000e+00  4.221713  3.722293 -0.033874 
  3.350000e+00  4.221713  3.722292 -0.033874 
  3.360000e+00  4.221712  3.722292 -0.033874 
  3.370000e+00  4.221712  3.722291 -0.033874 
  3.380000e+00  4.221712  3.722291 -0.033874 
  3.390000e+00  4.221712  3.722291 -0.033874 
  3.400000e+00  4.221712  3.722290 -0.033874 
  3.410000e+00  4.221712  3.722290 -0.033874 
  3.420000e+00  4.221712  3.722290 -0.033874 
  3.430000e+00  4.221712  3.722290 -0.033874 
  3.440000e+00  4.221712  3.722289 -0.033874 
  3.450000e+00  4.221712  3.722289 -0.033874 
  3.460000e+00  4.221712  3.722289 -0.033874 
  3.470000e+00  4.221712  3.722289 -0.033874 
  3.480000e+00  4.221712  3.722289 -0.033874 
  3.490000e+00  4.221712  3.722288 -0.033874 
  3.500000e+00  4.221713  3.722288 -0.033874 
  3.510000e+00  4.221713  3.722288 -0.033874 
  3.520000e+00  4.221713  3.722288 -0.033874 
  3.530000e+00  4.221713  3.722288 -0.033874 
  3.540000e+00  4.221713  3.722288 -0.033874 
  3.550000e+00  4.221713  3.722288 -0.033874 
  3.560000e+00  4.221713  3.722288 -0.033874 
  3.570000e+00  4.221713  3.722288 -0.033874 
  3.580000e+00  4.221713  3.722288 -0.033874 
  3.590000e+00  4.221713  3.722288 -0.033874 
  3.600000e+00  4.221713  3.722288 -0.033874 
  3.610000e+00  4.221713  3.722288 -0.033874 
  3.620000e+00  4.221713  3.722288 -0.033874 
  3.630000e+00  4.221713  3.722288 -0.033874 
  3.640000e+00  4.221713  3.722288 -0.033874 
  3.650000e+00  4.221713  3.722288 -0.033874 
  3.660000e+00  4.221713  3.722288 -0.033874 
  3.670000e+00  4.221713  3.722288 -0.033874 
  3.680000e+00  4.221713  3.722287 -0.033874 
  3.690000e+00  4.221713  3.722287 -0.033874 
  3.700000e+00  4.221713  3.722287 -0.033874 
  3.710000e+00  4.221713  3.722287 -0.033874 
  3.720000e+00  4.221713  3.722287 -0.033874 
  3.730000e+00  4.221713  3.722287 -0.033874 
  3.740000e+00  4.221713  3.722287 -0.033874 
  3.750000e+00  4.221713  3.722287 -0.033874 
  3.760000e+00  4.221713  3.722287 -0.033874 
  3.770000e+00  4.221713  3.722287 -0.033874 
  3.780000e+00  4.221713  3.722287 -0.033874 
  3.790000e+00  4.221713  3.722287 -0.033874 
  3.800000e+00  4.221713  3.722287 -0.033874 
  3.810000e+00  4.221713  3.722287 -0.033874 
  3.820000e+00  4.221713  3.722287 -0.033874 
  3.830000e+00  4.221713  3.722287 -0.033874 
  3.840000e+00  4.221713  3.722287 -0.033874 
  3.850000e+00  4.221713  3.722287 -0.033874 
  3.860000e+00  4.221713  3.722287 -0.033874 
  3.870000e+00  4.221712  3.722287 -0.033874 
  3.880000e+00  4.221712  3.722287 -0.033874 
  3.890000e+00  4.221712  3.722287 -0.033874 
  3.900000e+00  4.221712  3.722287 -0.033874 
  3.910000e+00  4.221712  3.722287 -0.033874 
  3.920000e+00  4.221712  3.722287 -0.033874 
  3.930000e+00  4.221712  3.722287 -0.033874 
  3.940000e+00  4.221712  3.722287 -0.033874 
  3.950000e+00  4.221712  3.722287 -0.033874 
  3.960000e+00  4.221712  3.722287 -0.033874 
  3.970000e+00  4.221712  3.722287 -0.033874 
  3.980000e+00  4.221712  3.722287 -0.033874 
  3.990000e+00  4.221712  3.722287 -0.033874 
  4.000000e+00  4.221712  3.722287 -0.033874 
