  0.000000e+00  5.08588992 9.26697335 
  1.000000e-02  5.08588992 9.26692064 
  2.000000e-02  5.08588992 9.26715863 
  3.000000e-02  5.08588992 9.26694445 
  4.000000e-02  5.08588992 9.26729613 
  5.000000e-02  5.08588992 9.26707497 
  6.000000e-02  5.08588992 9.26739657 
  7.000000e-02  5.08588992 9.26709854 
  8.000000e-02  5.08588992 9.26746218 
  9.000000e-02  5.08588992 9.26813592 
  1.000000e-01  5.08588992 9.26790141 
  1.100000e-01  5.08588992 9.26645878 
  1.200000e-01  5.08588992 9.26589814 
  1.300000e-01  5.08588992 9.26691120 
  1.400000e-01  5.08588992 9.26726022 
  1.500000e-01  5.08588992 9.26737212 
  1.600000e-01  5.08588992 9.26738213 
  1.700000e-01  5.08588992 9.26756997 
  1.800000e-01  5.08588992 9.26777029 
  1.900000e-01  5.08588992 9.26795947 
  2.000000e-01  5.08588992 9.26714840 
  2.100000e-01  5.08588992 9.26701861 
  2.200000e-01  5.08588992 9.26714939 
  2.300000e-01  5.08588992 9.26741665 
  2.400000e-01  5.08588992 9.26739754 
  2.500000e-01  5.08588992 9.26736326 
  2.600000e-01  5.08588992 9.26734073 
  2.700000e-01  5.08588992 9.26732458 
  2.800000e-01  5.08588992 9.26730523 
  2.900000e-01  5.08588992 9.26726884 
  3.000000e-01  5.08588992 9.26733669 
  3.100000e-01  5.08588992 9.26741862 
  3.200000e-01  5.08588992 9.26750032 
  3.300000e-01  5.08588992 9.26758523 
  3.400000e-01  5.08588992 9.26768144 
  3.500000e-01  5.08588992 9.26779953 
  3.600000e-01  5.08588992 9.26775865 
  3.700000e-01  5.08588992 9.26772416 
  3.800000e-01  5.08588992 9.26770294 
  3.900000e-01  5.08588992 9.26768807 
  4.000000e-01  5.08588992 9.26767186 
  4.100000e-01  5.08588992 9.26764590 
  4.200000e-01  5.08588992 9.26760163 
  4.300000e-01  5.08588992 9.26762873 
  4.400000e-01  5.08588992 9.26767175 
  4.500000e-01  5.08588992 9.26771844 
  4.600000e-01  5.08588992 9.26776859 
  4.700000e-01  5.08588992 9.26782542 
  4.800000e-01  5.08588992 9.26789337 
  4.900000e-01  5.08588992 9.26797720 
  5.000000e-01  5.08588992 9.26794751 
  5.100000e-01  5.08588992 9.26791569 
  5.200000e-01  5.08588992 9.26789409 
  5.300000e-01  5.08588992 9.26788064 
  5.400000e-01  5.08588992 9.26786953 
  5.500000e-01  5.08588992 9.26789166 
  5.600000e-01  5.08588992 9.26791992 
  5.700000e-01  5.08588992 9.26795098 
  5.800000e-01  5.08588992 9.26798626 
  5.900000e-01  5.08588992 9.26802866 
  6.000000e-01  5.08588992 9.26808189 
  6.100000e-01  5.08588992 9.26815047 
  6.200000e-01  5.08588992 9.26814517 
  6.300000e-01  5.08588992 9.26813668 
  6.400000e-01  5.08588992 9.26813246 
  6.500000e-01  5.08588992 9.26813111 
  6.600000e-01  5.08588992 9.26812956 
  6.700000e-01  5.08588992 9.26812338 
  6.800000e-01  5.08588992 9.26810691 
  6.900000e-01  5.08588992 9.26811646 
  7.000000e-01  5.08588992 9.26813306 
  7.100000e-01  5.08588992 9.26815230 
  7.200000e-01  5.08588992 9.26817422 
  7.300000e-01  5.08588992 9.26820032 
  7.400000e-01  5.08588992 9.26823288 
  7.500000e-01  5.08588992 9.26822183 
  7.600000e-01  5.08588992 9.26821020 
  7.700000e-01  5.08588992 9.26820153 
  7.800000e-01  5.08588992 9.26819443 
  7.900000e-01  5.08588992 9.26818629 
  8.000000e-01  5.08588992 9.26817355 
  8.100000e-01  5.08588992 9.26818079 
  8.200000e-01  5.08588992 9.26819264 
  8.300000e-01  5.08588992 9.26820584 
  8.400000e-01  5.08588992 9.26822034 
  8.500000e-01  5.08588992 9.26823710 
  8.600000e-01  5.08588992 9.26825766 
  8.700000e-01  5.08588992 9.26826526 
  8.800000e-01  5.08588992 9.26825863 
  8.900000e-01  5.08588992 9.26825283 
  9.000000e-01  5.08588992 9.26824887 
  9.100000e-01  5.08588992 9.26824581 
  9.200000e-01  5.08588992 9.26824202 
  9.300000e-01  5.08588992 9.26823518 
  9.400000e-01  5.08588992 9.26824064 
  9.500000e-01  5.08588992 9.26824921 
  9.600000e-01  5.08588992 9.26825913 
  9.700000e-01  5.08588992 9.26827079 
  9.800000e-01  5.08588992 9.26828528 
  9.900000e-01  5.08588992 9.26827795 
  1.000000e+00  5.08588992 9.26826948 
  1.010000e+00  5.08588992 9.26826207 
  1.020000e+00  5.08588992 9.26825535 
  1.030000e+00  5.08588992 9.26824827 
  1.040000e+00  5.08588992 9.26823987 
  1.050000e+00  5.08588992 9.26823744 
  1.060000e+00  5.08588992 9.26824354 
  1.070000e+00  5.08588992 9.26825083 
  1.080000e+00  5.08588992 9.26825809 
  1.090000e+00  5.08588992 9.26826581 
  1.100000e+00  5.08588992 9.26827467 
  1.110000e+00  5.08588992 9.26827786 
  1.120000e+00  5.08588992 9.26827388 
  1.130000e+00  5.08588992 9.26826934 
  1.140000e+00  5.08588992 9.26826501 
  1.150000e+00  5.08588992 9.26826052 
  1.160000e+00  5.08588992 9.26825520 
  1.170000e+00  5.08588992 9.26825358 
  1.180000e+00  5.08588992 9.26825712 
  1.190000e+00  5.08588992 9.26826110 
  1.200000e+00  5.08588992 9.26826490 
  1.210000e+00  5.08588992 9.26826878 
  1.220000e+00  5.08588992 9.26827329 
  1.230000e+00  5.08588992 9.26827490 
  1.240000e+00  5.08588992 9.26827554 
  1.250000e+00  5.08588992 9.26827238 
  1.260000e+00  5.08588992 9.26826914 
  1.270000e+00  5.08588992 9.26826593 
  1.280000e+00  5.08588992 9.26826492 
  1.290000e+00  5.08588992 9.26826464 
  1.300000e+00  5.08588992 9.26826460 
  1.310000e+00  5.08588992 9.26826464 
  1.320000e+00  5.08588992 9.26826679 
  1.330000e+00  5.08588992 9.26826959 
  1.340000e+00  5.08588992 9.26827309 
  1.350000e+00  5.08588992 9.26827432 
  1.360000e+00  5.08588992 9.26827479 
  1.370000e+00  5.08588992 9.26827502 
  1.380000e+00  5.08588992 9.26827517 
  1.390000e+00  5.08588992 9.26827528 
  1.400000e+00  5.08588992 9.26827539 
  1.410000e+00  5.08588992 9.26827548 
  1.420000e+00  5.08588992 9.26827557 
  1.430000e+00  5.08588992 9.26827565 
  1.440000e+00  5.08588992 9.26827572 
  1.450000e+00  5.08588992 9.26827578 
  1.460000e+00  5.08588992 9.26827583 
  1.470000e+00  5.08588992 9.26827587 
  1.480000e+00  5.08588992 9.26827590 
  1.490000e+00  5.08588992 9.26827593 
  1.500000e+00  5.08588992 9.26827595 
  1.510000e+00  5.08588992 9.26827596 
  1.520000e+00  5.08588992 9.26827597 
  1.530000e+00  5.08588992 9.26827598 
  1.540000e+00  5.08588992 9.26827599 
  1.550000e+00  5.08588992 9.26827600 
  1.560000e+00  5.08588992 9.26827601 
  1.570000e+00  5.08588992 9.26827602 
  1.580000e+00  5.08588992 9.26827604 
  1.590000e+00  5.08588992 9.26827605 
  1.600000e+00  5.08588992 9.26827606 
  1.610000e+00  5.08588992 9.26827608 
  1.620000e+00  5.08588992 9.26827609 
  1.630000e+00  5.08588992 9.26827611 
  1.640000e+00  5.08588992 9.26827613 
  1.650000e+00  5.08588992 9.26827615 
  1.660000e+00  5.08588992 9.26827616 
  1.670000e+00  5.08588992 9.26827618 
  1.680000e+00  5.08588992 9.26827620 
  1.690000e+00  5.08588992 9.26827622 
  1.700000e+00  5.08588992 9.26827624 
  1.710000e+00  5.08588992 9.26827626 
  1.720000e+00  5.08588992 9.26827628 
  1.730000e+00  5.08588992 9.26827630 
  1.740000e+00  5.08588992 9.26827632 
  1.750000e+00  5.08588992 9.26827634 
  1.760000e+00  5.08588992 9.26827636 
  1.770000e+00  5.08588992 9.26827638 
  1.780000e+00  5.08588992 9.26827640 
  1.790000e+00  5.08588992 9.26827641 
  1.800000e+00  5.08588992 9.26827643 
  1.810000e+00  5.08588992 9.26827645 
  1.820000e+00  5.08588992 9.26827646 
  1.830000e+00  5.08588992 9.26827647 
  1.840000e+00  5.08588992 9.26827648 
  1.850000e+00  5.08588992 9.26827649 
  1.860000e+00  5.08588992 9.26827650 
  1.870000e+00  5.08588992 9.26827651 
  1.880000e+00  5.08588992 9.26827651 
  1.890000e+00  5.08588992 9.26827652 
  1.900000e+00  5.08588992 9.26827653 
  1.910000e+00  5.08588992 9.26827653 
  1.920000e+00  5.08588992 9.26827654 
  1.930000e+00  5.08588992 9.26827654 
  1.940000e+00  5.08588992 9.26827655 
  1.950000e+00  5.08588992 9.26827655 
  1.960000e+00  5.08588992 9.26827656 
  1.970000e+00  5.08588992 9.26827656 
  1.980000e+00  5.08588992 9.26827657 
  1.990000e+00  5.08588992 9.26827657 
  2.000000e+00  5.08588992 9.26827658 
  2.010000e+00  5.08588992 9.26827659 
  2.020000e+00  5.08588992 9.26827659 
  2.030000e+00  5.08588992 9.26827660 
  2.040000e+00  5.08588992 9.26827660 
  2.050000e+00  5.08588992 9.26827660 
  2.060000e+00  5.08588992 9.26827661 
  2.070000e+00  5.08588992 9.26827661 
  2.080000e+00  5.08588992 9.26827662 
  2.090000e+00  5.08588992 9.26827662 
  2.100000e+00  5.08588992 9.26827662 
  2.110000e+00  5.08588992 9.26827662 
  2.120000e+00  5.08588992 9.26827663 
  2.130000e+00  5.08588992 9.26827663 
  2.140000e+00  5.08588992 9.26827663 
  2.150000e+00  5.08588992 9.26827663 
  2.160000e+00  5.08588992 9.26827663 
  2.170000e+00  5.08588992 9.26827663 
  2.180000e+00  5.08588992 9.26827663 
  2.190000e+00  5.08588992 9.26827663 
  2.200000e+00  5.08588992 9.26827663 
  2.210000e+00  5.08588992 9.26827663 
  2.220000e+00  5.08588992 9.26827663 
  2.230000e+00  5.08588992 9.26827663 
  2.240000e+00  5.08588992 9.26827663 
  2.250000e+00  5.08588992 9.26827663 
  2.260000e+00  5.08588992 9.26827663 
  2.270000e+00  5.08588992 9.26827663 
  2.280000e+00  5.08588992 9.26827663 
  2.290000e+00  5.08588992 9.26827663 
  2.300000e+00  5.08588992 9.26827663 
  2.310000e+00  5.08588992 9.26827662 
  2.320000e+00  5.08588992 9.26827662 
  2.330000e+00  5.08588992 9.26827662 
  2.340000e+00  5.08588992 9.26827662 
  2.350000e+00  5.08588992 9.26827662 
  2.360000e+00  5.08588992 9.26827662 
  2.370000e+00  5.08588992 9.26827662 
  2.380000e+00  5.08588992 9.26827662 
  2.390000e+00  5.08588992 9.26827662 
  2.400000e+00  5.08588992 9.26827662 
  2.410000e+00  5.08588992 9.26827662 
  2.420000e+00  5.08588992 9.26827662 
  2.430000e+00  5.08588992 9.26827662 
  2.440000e+00  5.08588992 9.26827662 
  2.450000e+00  5.08588992 9.26827662 
  2.460000e+00  5.08588992 9.26827662 
  2.470000e+00  5.08588992 9.26827662 
  2.480000e+00  5.08588992 9.26827662 
  2.490000e+00  5.08588992 9.26827662 
  2.500000e+00  5.08588992 9.26827662 
  2.510000e+00  5.08588992 9.26827662 
  2.520000e+00  5.08588992 9.26827662 
  2.530000e+00  5.08588992 9.26827662 
  2.540000e+00  5.08588992 9.26827661 
  2.550000e+00  5.08588992 9.26827661 
  2.560000e+00  5.08588992 9.26827661 
  2.570000e+00  5.08588992 9.26827661 
  2.580000e+00  5.08588992 9.26827661 
  2.590000e+00  5.08588992 9.26827661 
  2.600000e+00  5.08588992 9.26827661 
  2.610000e+00  5.08588992 9.26827661 
  2.620000e+00  5.08588992 9.26827661 
  2.630000e+00  5.08588992 9.26827661 
  2.640000e+00  5.08588992 9.26827661 
  2.650000e+00  5.08588992 9.26827661 
  2.660000e+00  5.08588992 9.26827661 
  2.670000e+00  5.08588992 9.26827661 
  2.680000e+00  5.08588992 9.26827661 
  2.690000e+00  5.08588992 9.26827661 
  2.700000e+00  5.08588992 9.26827661 
  2.710000e+00  5.08588992 9.26827661 
  2.720000e+00  5.08588992 9.26827661 
  2.730000e+00  5.08588992 9.26827661 
  2.740000e+00  5.08588992 9.26827661 
  2.750000e+00  5.08588992 9.26827661 
  2.760000e+00  5.08588992 9.26827661 
  2.770000e+00  5.08588992 9.26827661 
  2.780000e+00  5.08588992 9.26827661 
  2.790000e+00  5.08588992 9.26827661 
  2.800000e+00  5.08588992 9.26827661 
  2.810000e+00  5.08588992 9.26827661 
  2.820000e+00  5.08588992 9.26827661 
  2.830000e+00  5.08588992 9.26827661 
  2.840000e+00  5.08588992 9.26827661 
  2.850000e+00  5.08588992 9.26827661 
  2.860000e+00  5.08588992 9.26827661 
  2.870000e+00  5.08588992 9.26827661 
  2.880000e+00  5.08588992 9.26827661 
  2.890000e+00  5.08588992 9.26827661 
  2.900000e+00  5.08588992 9.26827661 
  2.910000e+00  5.08588992 9.26827661 
  2.920000e+00  5.08588992 9.26827661 
  2.930000e+00  5.08588992 9.26827661 
  2.940000e+00  5.08588992 9.26827661 
  2.950000e+00  5.08588992 9.26827661 
  2.960000e+00  5.08588992 9.26827661 
  2.970000e+00  5.08588992 9.26827661 
  2.980000e+00  5.08588992 9.26827661 
  2.990000e+00  5.08588992 9.26827661 
  3.000000e+00  5.08588992 9.26827661 
  3.010000e+00  5.08588992 9.26827661 
  3.020000e+00  5.08588992 9.26827661 
  3.030000e+00  5.08588992 9.26827661 
  3.040000e+00  5.08588992 9.26827661 
  3.050000e+00  5.08588992 9.26827661 
  3.060000e+00  5.08588992 9.26827661 
  3.070000e+00  5.08588992 9.26827661 
  3.080000e+00  5.08588992 9.26827661 
  3.090000e+00  5.08588992 9.26827661 
  3.100000e+00  5.08588992 9.26827661 
  3.110000e+00  5.08588992 9.26827661 
  3.120000e+00  5.08588992 9.26827661 
  3.130000e+00  5.08588992 9.26827661 
  3.140000e+00  5.08588992 9.26827661 
  3.150000e+00  5.08588992 9.26827661 
  3.160000e+00  5.08588992 9.26827661 
  3.170000e+00  5.08588992 9.26827661 
  3.180000e+00  5.08588992 9.26827662 
  3.190000e+00  5.08588992 9.26827662 
  3.200000e+00  5.08588992 9.26827662 
  3.210000e+00  5.08588992 9.26827662 
  3.220000e+00  5.08588992 9.26827662 
  3.230000e+00  5.08588992 9.26827662 
  3.240000e+00  5.08588992 9.26827662 
  3.250000e+00  5.08588992 9.26827662 
  3.260000e+00  5.08588992 9.26827662 
  3.270000e+00  5.08588992 9.26827662 
  3.280000e+00  5.08588992 9.26827662 
  3.290000e+00  5.08588992 9.26827662 
  3.300000e+00  5.08588992 9.26827662 
  3.310000e+00  5.08588992 9.26827662 
  3.320000e+00  5.08588992 9.26827662 
  3.330000e+00  5.08588992 9.26827662 
  3.340000e+00  5.08588992 9.26827662 
  3.350000e+00  5.08588992 9.26827662 
  3.360000e+00  5.08588992 9.26827662 
  3.370000e+00  5.08588992 9.26827662 
  3.380000e+00  5.08588992 9.26827662 
  3.390000e+00  5.08588992 9.26827662 
  3.400000e+00  5.08588992 9.26827662 
  3.410000e+00  5.08588992 9.26827662 
  3.420000e+00  5.08588992 9.26827662 
  3.430000e+00  5.08588992 9.26827662 
  3.440000e+00  5.08588992 9.26827662 
  3.450000e+00  5.08588992 9.26827662 
  3.460000e+00  5.08588992 9.26827662 
  3.470000e+00  5.08588992 9.26827662 
  3.480000e+00  5.08588992 9.26827662 
  3.490000e+00  5.08588992 9.26827662 
  3.500000e+00  5.08588992 9.26827662 
  3.510000e+00  5.08588992 9.26827662 
  3.520000e+00  5.08588992 9.26827662 
  3.530000e+00  5.08588992 9.26827662 
  3.540000e+00  5.08588992 9.26827662 
  3.550000e+00  5.08588992 9.26827662 
  3.560000e+00  5.08588992 9.26827662 
  3.570000e+00  5.08588992 9.26827662 
  3.580000e+00  5.08588992 9.26827662 
  3.590000e+00  5.08588992 9.26827662 
  3.600000e+00  5.08588992 9.26827662 
  3.610000e+00  5.08588992 9.26827662 
  3.620000e+00  5.08588992 9.26827662 
  3.630000e+00  5.08588992 9.26827662 
  3.640000e+00  5.08588992 9.26827662 
  3.650000e+00  5.08588992 9.26827662 
  3.660000e+00  5.08588992 9.26827662 
  3.670000e+00  5.08588992 9.26827662 
  3.680000e+00  5.08588992 9.26827662 
  3.690000e+00  5.08588992 9.26827662 
  3.700000e+00  5.08588992 9.26827662 
  3.710000e+00  5.08588992 9.26827662 
  3.720000e+00  5.08588992 9.26827662 
  3.730000e+00  5.08588992 9.26827662 
  3.740000e+00  5.08588992 9.26827662 
  3.750000e+00  5.08588992 9.26827662 
  3.760000e+00  5.08588992 9.26827662 
  3.770000e+00  5.08588992 9.26827662 
  3.780000e+00  5.08588992 9.26827662 
  3.790000e+00  5.08588992 9.26827662 
  3.800000e+00  5.08588992 9.26827662 
  3.810000e+00  5.08588992 9.26827662 
  3.820000e+00  5.08588992 9.26827662 
  3.830000e+00  5.08588992 9.26827662 
  3.840000e+00  5.08588992 9.26827662 
  3.850000e+00  5.08588992 9.26827662 
  3.860000e+00  5.08588992 9.26827662 
  3.870000e+00  5.08588992 9.26827662 
  3.880000e+00  5.08588992 9.26827662 
  3.890000e+00  5.08588992 9.26827662 
  3.900000e+00  5.08588992 9.26827662 
  3.910000e+00  5.08588992 9.26827662 
  3.920000e+00  5.08588992 9.26827662 
  3.930000e+00  5.08588992 9.26827662 
  3.940000e+00  5.08588992 9.26827662 
  3.950000e+00  5.08588992 9.26827662 
  3.960000e+00  5.08588992 9.26827662 
  3.970000e+00  5.08588992 9.26827662 
  3.980000e+00  5.08588992 9.26827662 
  3.990000e+00  5.08588992 9.26827662 
  4.000000e+00  5.08588992 9.26827662 
