  0.000000e+00  15.102713  15.102713 1.000000
  2.500000e-03  14.030452  14.030452 0.753607
  5.000000e-03  12.919764  13.240673 0.583354 
  7.500000e-03  11.980367  12.699576 0.567242 
  1.000000e-02  11.267886  12.136632 0.557767 
  1.250000e-02  10.639457  11.544895 0.552366 
  1.500000e-02  10.108001  11.023610 0.549934 
  1.750000e-02  9.698656  10.567350 0.548611 
  2.000000e-02  9.396558  10.165809 0.548043 
  2.250000e-02  9.162895  9.813259 0.547818 
  2.500000e-02  8.961140  9.501355 0.547608 
  2.750000e-02  8.777535  9.227733 0.547737 
  3.000000e-02  8.587347  8.953793 0.547561 
  3.250000e-02  8.404707  8.725225 0.547503 
  3.500000e-02  8.239160  8.522216 0.547468 
  3.750000e-02  8.094215  8.337569 0.547476 
  4.000000e-02  7.968506  8.167786 0.547516 
  4.250000e-02  7.857711  8.010828 0.547576 
  4.500000e-02  7.756842  7.865491 0.547645 
  4.750000e-02  7.659874  7.726955 0.547756 
  5.000000e-02  7.566111  7.600782 0.547807 
  5.250000e-02  7.477324  7.485253 0.547878 
  5.500000e-02  7.395271  7.379031 0.547956 
  5.750000e-02  7.320250  7.280764 0.548039 
  6.000000e-02  7.251174  7.189352 0.548126 
  6.250000e-02  7.186502  7.104049 0.548211 
  6.500000e-02  7.125086  7.024342 0.548291 
  6.750000e-02  7.064312  6.946592 0.548341 
  7.000000e-02  7.005641  6.874984 0.548414 
  7.250000e-02  6.949993  6.807869 0.548471 
  7.500000e-02  6.897558  6.744411 0.548525 
  7.750000e-02  6.847931  6.684089 0.548575 
  8.000000e-02  6.800491  6.626614 0.548619 
  8.250000e-02  6.754564  6.571309 0.548671 
  8.500000e-02  6.709940  6.518807 0.548700 
  8.750000e-02  6.666815  6.468872 0.548732 
  9.000000e-02  6.625492  6.421364 0.548763 
  9.250000e-02  6.586188  6.376167 0.548794 
  9.500000e-02  6.549014  6.333211 0.548825 
  9.750000e-02  6.514032  6.292462 0.548855 
  1.000000e-01  6.481303  6.253892 0.548885 
  1.025000e-01  6.450748  6.217263 0.548911 
  1.050000e-01  6.422353  6.182704 0.548938 
  1.075000e-01  6.396130  6.150197 0.548966 
  1.100000e-01  6.371878  6.119541 0.548991 
  1.125000e-01  6.349258  6.090567 0.549013 
  1.150000e-01  6.327889  6.063082 0.549037 
  1.175000e-01  6.307380  6.036980 0.549057 
  1.200000e-01  6.287422  6.012127 0.549072 
  1.225000e-01  6.267833  5.988368 0.549087 
  1.250000e-01  6.248510  5.965558 0.549100 
  1.275000e-01  6.229397  5.943563 0.549112 
  1.300000e-01  6.210471  5.922262 0.549123 
  1.325000e-01  6.191725  5.901557 0.549133 
  1.350000e-01  6.173163  5.881357 0.549142 
  1.375000e-01  6.154794  5.861595 0.549150 
  1.400000e-01  6.136580  5.842154 0.549156 
  1.425000e-01  6.118534  5.823050 0.549163 
  1.450000e-01  6.100653  5.804234 0.549169 
  1.475000e-01  6.082919  5.785668 0.549175 
  1.500000e-01  6.065306  5.767319 0.549180 
  1.525000e-01  6.047798  5.749175 0.549186 
  1.550000e-01  6.030372  5.731202 0.549190 
  1.575000e-01  6.013015  5.713385 0.549194 
  1.600000e-01  5.995721  5.695705 0.549198 
  1.625000e-01  5.978487  5.678148 0.549202 
  1.650000e-01  5.961307  5.660700 0.549206 
  1.675000e-01  5.944177  5.643349 0.549210 
  1.700000e-01  5.927094  5.626085 0.549214 
  1.725000e-01  5.910049  5.608888 0.549217 
  1.750000e-01  5.893048  5.591767 0.549221 
  1.775000e-01  5.876095  5.574716 0.549224 
  1.800000e-01  5.859195  5.557732 0.549227 
  1.825000e-01  5.842350  5.540811 0.549230 
  1.850000e-01  5.825564  5.523953 0.549233 
  1.875000e-01  5.808841  5.507159 0.549236 
  1.900000e-01  5.792184  5.490431 0.549239 
  1.925000e-01  5.775596  5.473769 0.549241 
  1.950000e-01  5.759084  5.457177 0.549244 
  1.975000e-01  5.742651  5.440658 0.549246 
  2.000000e-01  5.726302  5.424214 0.549249 
  2.025000e-01  5.710041  5.407849 0.549251 
  2.050000e-01  5.693873  5.391564 0.549254 
  2.075000e-01  5.677802  5.375364 0.549256 
  2.100000e-01  5.661830  5.359250 0.549258 
  2.125000e-01  5.645961  5.343226 0.549260 
  2.150000e-01  5.630196  5.327294 0.549263 
  2.175000e-01  5.614536  5.311455 0.549265 
  2.200000e-01  5.598981  5.295711 0.549267 
  2.225000e-01  5.583531  5.280063 0.549269 
  2.250000e-01  5.568185  5.264511 0.549271 
  2.275000e-01  5.552940  5.249056 0.549273 
  2.300000e-01  5.537795  5.233697 0.549275 
  2.325000e-01  5.522749  5.218434 0.549277 
  2.350000e-01  5.507799  5.203266 0.549279 
  2.375000e-01  5.492942  5.188192 0.549281 
  2.400000e-01  5.478177  5.173209 0.549283 
  2.425000e-01  5.463502  5.158318 0.549285 
  2.450000e-01  5.448914  5.143515 0.549287 
  2.475000e-01  5.434412  5.128800 0.549289 
  2.500000e-01  5.419993  5.114171 0.549291 
  2.525000e-01  5.405657  5.099626 0.549293 
  2.550000e-01  5.391400  5.085164 0.549294 
  2.575000e-01  5.377223  5.070783 0.549296 
  2.600000e-01  5.363123  5.056481 0.549298 
  2.625000e-01  5.349099  5.042257 0.549299 
  2.650000e-01  5.335152  5.028111 0.549301 
  2.675000e-01  5.321279  5.014041 0.549302 
  2.700000e-01  5.307482  5.000047 0.549304 
  2.725000e-01  5.293759  4.986128 0.549305 
  2.750000e-01  5.280112  4.972283 0.549306 
  2.775000e-01  5.266540  4.958514 0.549308 
  2.800000e-01  5.253046  4.944819 0.549309 
  2.825000e-01  5.239629  4.931200 0.549310 
  2.850000e-01  5.226291  4.917657 0.549311 
  2.875000e-01  5.213035  4.904191 0.549312 
  2.900000e-01  5.199862  4.890804 0.549314 
  2.925000e-01  5.186773  4.877496 0.549315 
  2.950000e-01  5.173773  4.864271 0.549316 
  2.975000e-01  5.160862  4.851129 0.549317 
  3.000000e-01  5.148044  4.838072 0.549318 
  3.025000e-01  5.135321  4.825104 0.549318 
  3.050000e-01  5.122698  4.812227 0.549319 
  3.075000e-01  5.110175  4.799442 0.549320 
  3.100000e-01  5.097758  4.786754 0.549321 
  3.125000e-01  5.085448  4.774164 0.549322 
  3.150000e-01  5.073248  4.761676 0.549323 
  3.175000e-01  5.061163  4.749292 0.549324 
  3.200000e-01  5.049194  4.737016 0.549325 
  3.225000e-01  5.037345  4.724850 0.549326 
  3.250000e-01  5.025618  4.712797 0.549327 
  3.275000e-01  5.014016  4.700860 0.549328 
  3.300000e-01  5.002541  4.689041 0.549329 
  3.325000e-01  4.991195  4.677343 0.549330 
  3.350000e-01  4.979980  4.665768 0.549331 
  3.375000e-01  4.968898  4.654319 0.549332 
  3.400000e-01  4.957951  4.642997 0.549333 
  3.425000e-01  4.947138  4.631804 0.549334 
  3.450000e-01  4.936462  4.620741 0.549335 
  3.475000e-01  4.925923  4.609810 0.549336 
  3.500000e-01  4.915521  4.599013 0.549337 
  3.525000e-01  4.905257  4.588349 0.549338 
  3.550000e-01  4.895129  4.577819 0.549340 
  3.575000e-01  4.885139  4.567424 0.549341 
  3.600000e-01  4.875285  4.557164 0.549342 
  3.625000e-01  4.865566  4.547038 0.549344 
  3.650000e-01  4.855982  4.537047 0.549345 
  3.675000e-01  4.846531  4.527189 0.549346 
  3.700000e-01  4.837212  4.517464 0.549348 
  3.725000e-01  4.828023  4.507872 0.549349 
  3.750000e-01  4.818963  4.498410 0.549351 
  3.775000e-01  4.810029  4.489078 0.549352 
  3.800000e-01  4.801220  4.479874 0.549354 
  3.825000e-01  4.792534  4.470797 0.549355 
  3.850000e-01  4.783968  4.461844 0.549356 
  3.875000e-01  4.775520  4.453015 0.549358 
  3.900000e-01  4.767189  4.444307 0.549359 
  3.925000e-01  4.758971  4.435717 0.549361 
  3.950000e-01  4.750864  4.427245 0.549362 
  3.975000e-01  4.742867  4.418888 0.549364 
  4.000000e-01  4.734976  4.410644 0.549365 
  4.025000e-01  4.727190  4.402510 0.549366 
  4.050000e-01  4.719505  4.394484 0.549368 
  4.075000e-01  4.711921  4.386565 0.549369 
  4.100000e-01  4.704433  4.378750 0.549370 
  4.125000e-01  4.697041  4.371036 0.549372 
  4.150000e-01  4.689742  4.363422 0.549373 
  4.175000e-01  4.682533  4.355905 0.549374 
  4.200000e-01  4.675413  4.348483 0.549375 
  4.225000e-01  4.668380  4.341154 0.549377 
  4.250000e-01  4.661432  4.333916 0.549378 
  4.275000e-01  4.654567  4.326768 0.549379 
  4.300000e-01  4.647782  4.319706 0.549380 
  4.325000e-01  4.641077  4.312730 0.549381 
  4.350000e-01  4.634450  4.305837 0.549382 
  4.375000e-01  4.627899  4.299025 0.549383 
  4.400000e-01  4.621422  4.292293 0.549384 
  4.425000e-01  4.615019  4.285640 0.549385 
  4.450000e-01  4.608687  4.279063 0.549386 
  4.475000e-01  4.602426  4.272562 0.549387 
  4.500000e-01  4.596234  4.266134 0.549388 
  4.525000e-01  4.590110  4.259779 0.549389 
  4.550000e-01  4.584054  4.253495 0.549390 
  4.575000e-01  4.578063  4.247281 0.549390 
  4.600000e-01  4.572139  4.241136 0.549391 
  4.625000e-01  4.566278  4.235059 0.549392 
  4.650000e-01  4.560482  4.229049 0.549393 
  4.675000e-01  4.554749  4.223105 0.549393 
  4.700000e-01  4.549078  4.217227 0.549394 
  4.725000e-01  4.543469  4.211413 0.549395 
  4.750000e-01  4.537922  4.205662 0.549395 
  4.775000e-01  4.532436  4.199976 0.549396 
  4.800000e-01  4.527011  4.194351 0.549396 
  4.825000e-01  4.521646  4.188789 0.549397 
  4.850000e-01  4.516342  4.183289 0.549398 
  4.875000e-01  4.511097  4.177850 0.549398 
  4.900000e-01  4.505913  4.172472 0.549399 
  4.925000e-01  4.500788  4.167155 0.549399 
  4.950000e-01  4.495723  4.161899 0.549400 
  4.975000e-01  4.490718  4.156703 0.549400 
  5.000000e-01  4.485772  4.151567 0.549401 
  5.025000e-01  4.480886  4.146491 0.549401 
  5.050000e-01  4.476059  4.141475 0.549402 
  5.075000e-01  4.471292  4.136520 0.549402 
  5.100000e-01  4.466585  4.131624 0.549402 
  5.125000e-01  4.461937  4.126788 0.549403 
  5.150000e-01  4.457350  4.122012 0.549403 
  5.175000e-01  4.452822  4.117296 0.549404 
  5.200000e-01  4.448355  4.112641 0.549404 
  5.225000e-01  4.443948  4.108045 0.549404 
  5.250000e-01  4.439601  4.103509 0.549405 
  5.275000e-01  4.435314  4.099034 0.549405 
  5.300000e-01  4.431088  4.094619 0.549406 
  5.325000e-01  4.426922  4.090265 0.549406 
  5.350000e-01  4.422817  4.085971 0.549406 
  5.375000e-01  4.418773  4.081737 0.549407 
  5.400000e-01  4.414789  4.077564 0.549407 
  5.425000e-01  4.410866  4.073452 0.549407 
  5.450000e-01  4.407003  4.069401 0.549408 
  5.475000e-01  4.403201  4.065410 0.549408 
  5.500000e-01  4.399460  4.061479 0.549408 
  5.525000e-01  4.395779  4.057609 0.549409 
  5.550000e-01  4.392159  4.053800 0.549409 
  5.575000e-01  4.388598  4.050052 0.549410 
  5.600000e-01  4.385098  4.046363 0.549410 
  5.625000e-01  4.381658  4.042735 0.549410 
  5.650000e-01  4.378277  4.039168 0.549411 
  5.675000e-01  4.374955  4.035660 0.549411 
  5.700000e-01  4.371693  4.032212 0.549411 
  5.725000e-01  4.368490  4.028823 0.549412 
  5.750000e-01  4.365345  4.025494 0.549412 
  5.775000e-01  4.362258  4.022224 0.549413 
  5.800000e-01  4.359229  4.019013 0.549413 
  5.825000e-01  4.356257  4.015860 0.549413 
  5.850000e-01  4.353343  4.012766 0.549414 
  5.875000e-01  4.350484  4.009729 0.549414 
  5.900000e-01  4.347682  4.006749 0.549414 
  5.925000e-01  4.344935  4.003826 0.549415 
  5.950000e-01  4.342243  4.000960 0.549415 
  5.975000e-01  4.339605  3.998149 0.549415 
  6.000000e-01  4.337021  3.995394 0.549416 
  6.025000e-01  4.334491  3.992694 0.549416 
  6.050000e-01  4.332012  3.990048 0.549417 
  6.075000e-01  4.329586  3.987456 0.549417 
  6.100000e-01  4.327211  3.984917 0.549417 
  6.125000e-01  4.324886  3.982431 0.549418 
  6.150000e-01  4.322612  3.979997 0.549418 
  6.175000e-01  4.320386  3.977613 0.549418 
  6.200000e-01  4.318209  3.975281 0.549419 
  6.225000e-01  4.316080  3.972999 0.549419 
  6.250000e-01  4.313998  3.970765 0.549419 
  6.275000e-01  4.311962  3.968581 0.549420 
  6.300000e-01  4.309972  3.966444 0.549420 
  6.325000e-01  4.308026  3.964354 0.549420 
  6.350000e-01  4.306125  3.962311 0.549421 
  6.375000e-01  4.304266  3.960314 0.549421 
  6.400000e-01  4.302451  3.958361 0.549421 
  6.425000e-01  4.300677  3.956453 0.549422 
  6.450000e-01  4.298943  3.954588 0.549422 
  6.475000e-01  4.297251  3.952765 0.549422 
  6.500000e-01  4.295597  3.950985 0.549423 
  6.525000e-01  4.293982  3.949246 0.549423 
  6.550000e-01  4.292406  3.947547 0.549423 
  6.575000e-01  4.290866  3.945888 0.549423 
  6.600000e-01  4.289363  3.944268 0.549424 
  6.625000e-01  4.287895  3.942685 0.549424 
  6.650000e-01  4.286462  3.941141 0.549424 
  6.675000e-01  4.285064  3.939632 0.549424 
  6.700000e-01  4.283698  3.938160 0.549425 
  6.725000e-01  4.282366  3.936723 0.549425 
  6.750000e-01  4.281066  3.935320 0.549425 
  6.775000e-01  4.279796  3.933951 0.549426 
  6.800000e-01  4.278558  3.932615 0.549426 
  6.825000e-01  4.277349  3.931311 0.549426 
  6.850000e-01  4.276169  3.930038 0.549426 
  6.875000e-01  4.275018  3.928797 0.549426 
  6.900000e-01  4.273895  3.927585 0.549427 
  6.925000e-01  4.272799  3.926403 0.549427 
  6.950000e-01  4.271730  3.925250 0.549427 
  6.975000e-01  4.270687  3.924125 0.549427 
  7.000000e-01  4.269669  3.923027 0.549428 
  7.025000e-01  4.268675  3.921956 0.549428 
  7.050000e-01  4.267706  3.920911 0.549428 
  7.075000e-01  4.266760  3.919892 0.549428 
  7.100000e-01  4.265837  3.918898 0.549428 
  7.125000e-01  4.264937  3.917928 0.549428 
  7.150000e-01  4.264058  3.916981 0.549429 
  7.175000e-01  4.263201  3.916058 0.549429 
  7.200000e-01  4.262364  3.915158 0.549429 
  7.225000e-01  4.261548  3.914279 0.549429 
  7.250000e-01  4.260751  3.913422 0.549429 
  7.275000e-01  4.259974  3.912586 0.549429 
  7.300000e-01  4.259215  3.911771 0.549430 
  7.325000e-01  4.258475  3.910975 0.549430 
  7.350000e-01  4.257752  3.910199 0.549430 
  7.375000e-01  4.257047  3.909442 0.549430 
  7.400000e-01  4.256358  3.908703 0.549430 
  7.425000e-01  4.255686  3.907982 0.549430 
  7.450000e-01  4.255030  3.907278 0.549430 
  7.475000e-01  4.254390  3.906592 0.549430 
  7.500000e-01  4.253765  3.905922 0.549431 
  7.525000e-01  4.253154  3.905268 0.549431 
  7.550000e-01  4.252558  3.904630 0.549431 
  7.575000e-01  4.251976  3.904008 0.549431 
  7.600000e-01  4.251408  3.903400 0.549431 
  7.625000e-01  4.250853  3.902807 0.549431 
  7.650000e-01  4.250311  3.902228 0.549431 
  7.675000e-01  4.249781  3.901663 0.549431 
  7.700000e-01  4.249264  3.901111 0.549431 
  7.725000e-01  4.248759  3.900572 0.549431 
  7.750000e-01  4.248265  3.900046 0.549432 
  7.775000e-01  4.247783  3.899533 0.549432 
  7.800000e-01  4.247312  3.899031 0.549432 
  7.825000e-01  4.246852  3.898542 0.549432 
  7.850000e-01  4.246402  3.898063 0.549432 
  7.875000e-01  4.245962  3.897596 0.549432 
  7.900000e-01  4.245532  3.897140 0.549432 
  7.925000e-01  4.245112  3.896694 0.549432 
  7.950000e-01  4.244701  3.896259 0.549432 
  7.975000e-01  4.244300  3.895833 0.549432 
  8.000000e-01  4.243907  3.895417 0.549432 
  8.025000e-01  4.243523  3.895011 0.549432 
  8.050000e-01  4.243148  3.894614 0.549432 
  8.075000e-01  4.242781  3.894226 0.549432 
  8.100000e-01  4.242422  3.893847 0.549432 
  8.125000e-01  4.242070  3.893476 0.549432 
  8.150000e-01  4.241726  3.893113 0.549432 
  8.175000e-01  4.241390  3.892759 0.549433 
  8.200000e-01  4.241061  3.892412 0.549433 
  8.225000e-01  4.240739  3.892073 0.549433 
  8.250000e-01  4.240424  3.891742 0.549433 
  8.275000e-01  4.240115  3.891417 0.549433 
  8.300000e-01  4.239813  3.891100 0.549433 
  8.325000e-01  4.239517  3.890790 0.549433 
  8.350000e-01  4.239228  3.890486 0.549433 
  8.375000e-01  4.238944  3.890189 0.549433 
  8.400000e-01  4.238667  3.889898 0.549433 
  8.425000e-01  4.238395  3.889614 0.549433 
  8.450000e-01  4.238128  3.889335 0.549433 
  8.475000e-01  4.237867  3.889063 0.549433 
  8.500000e-01  4.237612  3.888796 0.549433 
  8.525000e-01  4.237361  3.888534 0.549433 
  8.550000e-01  4.237116  3.888278 0.549433 
  8.575000e-01  4.236875  3.888028 0.549433 
  8.600000e-01  4.236639  3.887782 0.549433 
  8.625000e-01  4.236408  3.887541 0.549433 
  8.650000e-01  4.236181  3.887306 0.549433 
  8.675000e-01  4.235959  3.887075 0.549433 
  8.700000e-01  4.235741  3.886849 0.549433 
  8.725000e-01  4.235528  3.886627 0.549433 
  8.750000e-01  4.235318  3.886410 0.549433 
  8.775000e-01  4.235112  3.886197 0.549433 
  8.800000e-01  4.234911  3.885988 0.549433 
  8.825000e-01  4.234713  3.885783 0.549433 
  8.850000e-01  4.234519  3.885583 0.549433 
  8.875000e-01  4.234328  3.885386 0.549433 
  8.900000e-01  4.234141  3.885193 0.549433 
  8.925000e-01  4.233958  3.885003 0.549433 
  8.950000e-01  4.233778  3.884818 0.549433 
  8.975000e-01  4.233601  3.884635 0.549433 
  9.000000e-01  4.233427  3.884457 0.549433 
  9.025000e-01  4.233257  3.884281 0.549433 
  9.050000e-01  4.233090  3.884109 0.549433 
  9.075000e-01  4.232925  3.883940 0.549433 
  9.100000e-01  4.232764  3.883774 0.549433 
  9.125000e-01  4.232605  3.883611 0.549433 
  9.150000e-01  4.232449  3.883452 0.549433 
  9.175000e-01  4.232296  3.883295 0.549433 
  9.200000e-01  4.232146  3.883141 0.549433 
  9.225000e-01  4.231998  3.882989 0.549433 
  9.250000e-01  4.231853  3.882841 0.549433 
  9.275000e-01  4.231710  3.882694 0.549433 
  9.300000e-01  4.231570  3.882551 0.549433 
  9.325000e-01  4.231432  3.882410 0.549433 
  9.350000e-01  4.231296  3.882272 0.549433 
  9.375000e-01  4.231163  3.882136 0.549433 
  9.400000e-01  4.231032  3.882002 0.549433 
  9.425000e-01  4.230903  3.881870 0.549433 
  9.450000e-01  4.230776  3.881741 0.549433 
  9.475000e-01  4.230651  3.881614 0.549433 
  9.500000e-01  4.230528  3.881489 0.549433 
  9.525000e-01  4.230408  3.881366 0.549433 
  9.550000e-01  4.230289  3.881246 0.549433 
  9.575000e-01  4.230172  3.881127 0.549433 
  9.600000e-01  4.230057  3.881010 0.549433 
  9.625000e-01  4.229944  3.880895 0.549433 
  9.650000e-01  4.229832  3.880782 0.549433 
  9.675000e-01  4.229723  3.880671 0.549433 
  9.700000e-01  4.229615  3.880562 0.549433 
  9.725000e-01  4.229509  3.880454 0.549433 
  9.750000e-01  4.229404  3.880348 0.549433 
  9.775000e-01  4.229301  3.880244 0.549433 
  9.800000e-01  4.229200  3.880142 0.549433 
  9.825000e-01  4.229100  3.880041 0.549433 
  9.850000e-01  4.229002  3.879941 0.549433 
  9.875000e-01  4.228905  3.879844 0.549433 
  9.900000e-01  4.228810  3.879747 0.549433 
  9.925000e-01  4.228716  3.879652 0.549433 
  9.950000e-01  4.228623  3.879559 0.549433 
  9.975000e-01  4.228532  3.879467 0.549433 
  1.000000e+00  4.228442  3.879377 0.549433 
  1.002500e+00  4.228354  3.879287 0.549433 
  1.005000e+00  4.228267  3.879200 0.549433 
  1.007500e+00  4.228181  3.879113 0.549433 
  1.010000e+00  4.228096  3.879028 0.549433 
  1.012500e+00  4.228013  3.878944 0.549433 
  1.015000e+00  4.227931  3.878861 0.549433 
  1.017500e+00  4.227850  3.878780 0.549433 
  1.020000e+00  4.227770  3.878699 0.549433 
  1.022500e+00  4.227691  3.878620 0.549433 
  1.025000e+00  4.227614  3.878542 0.549433 
  1.027500e+00  4.227537  3.878466 0.549433 
  1.030000e+00  4.227462  3.878390 0.549433 
  1.032500e+00  4.227387  3.878315 0.549433 
  1.035000e+00  4.227314  3.878241 0.549433 
  1.037500e+00  4.227242  3.878169 0.549433 
  1.040000e+00  4.227170  3.878097 0.549433 
  1.042500e+00  4.227100  3.878027 0.549433 
  1.045000e+00  4.227031  3.877957 0.549433 
  1.047500e+00  4.226962  3.877889 0.549433 
  1.050000e+00  4.226895  3.877821 0.549433 
  1.052500e+00  4.226828  3.877755 0.549433 
  1.055000e+00  4.226763  3.877689 0.549433 
  1.057500e+00  4.226698  3.877624 0.549433 
  1.060000e+00  4.226634  3.877560 0.549433 
  1.062500e+00  4.226571  3.877497 0.549433 
  1.065000e+00  4.226509  3.877435 0.549433 
  1.067500e+00  4.226448  3.877373 0.549433 
  1.070000e+00  4.226387  3.877313 0.549433 
  1.072500e+00  4.226327  3.877253 0.549433 
  1.075000e+00  4.226268  3.877194 0.549433 
  1.077500e+00  4.226210  3.877136 0.549433 
  1.080000e+00  4.226153  3.877079 0.549433 
  1.082500e+00  4.226096  3.877022 0.549433 
  1.085000e+00  4.226040  3.876966 0.549433 
  1.087500e+00  4.225985  3.876911 0.549433 
  1.090000e+00  4.225931  3.876857 0.549433 
  1.092500e+00  4.225877  3.876803 0.549433 
  1.095000e+00  4.225824  3.876750 0.549433 
  1.097500e+00  4.225772  3.876698 0.549433 
  1.100000e+00  4.225720  3.876646 0.549433 
  1.102500e+00  4.225669  3.876595 0.549433 
  1.105000e+00  4.225619  3.876545 0.549433 
  1.107500e+00  4.225569  3.876495 0.549433 
  1.110000e+00  4.225520  3.876446 0.549433 
  1.112500e+00  4.225471  3.876398 0.549433 
  1.115000e+00  4.225423  3.876350 0.549433 
  1.117500e+00  4.225376  3.876303 0.549433 
  1.120000e+00  4.225330  3.876257 0.549433 
  1.122500e+00  4.225284  3.876211 0.549433 
  1.125000e+00  4.225238  3.876165 0.549433 
  1.127500e+00  4.225193  3.876121 0.549433 
  1.130000e+00  4.225149  3.876076 0.549433 
  1.132500e+00  4.225105  3.876033 0.549433 
  1.135000e+00  4.225062  3.875990 0.549433 
  1.137500e+00  4.225019  3.875947 0.549433 
  1.140000e+00  4.224977  3.875905 0.549433 
  1.142500e+00  4.224935  3.875864 0.549433 
  1.145000e+00  4.224894  3.875823 0.549433 
  1.147500e+00  4.224853  3.875782 0.549433 
  1.150000e+00  4.224813  3.875742 0.549433 
  1.152500e+00  4.224774  3.875703 0.549433 
  1.155000e+00  4.224734  3.875664 0.549433 
  1.157500e+00  4.224696  3.875625 0.549433 
  1.160000e+00  4.224658  3.875587 0.549433 
  1.162500e+00  4.224620  3.875550 0.549433 
  1.165000e+00  4.224583  3.875512 0.549433 
  1.167500e+00  4.224546  3.875476 0.549433 
  1.170000e+00  4.224509  3.875440 0.549433 
  1.172500e+00  4.224474  3.875404 0.549433 
  1.175000e+00  4.224438  3.875369 0.549433 
  1.177500e+00  4.224403  3.875334 0.549433 
  1.180000e+00  4.224368  3.875299 0.549433 
  1.182500e+00  4.224334  3.875265 0.549433 
  1.185000e+00  4.224300  3.875232 0.549433 
  1.187500e+00  4.224267  3.875198 0.549433 
  1.190000e+00  4.224234  3.875165 0.549433 
  1.192500e+00  4.224201  3.875133 0.549433 
  1.195000e+00  4.224169  3.875101 0.549433 
  1.197500e+00  4.224137  3.875069 0.549433 
  1.200000e+00  4.224106  3.875038 0.549433 
  1.202500e+00  4.224075  3.875007 0.549433 
  1.205000e+00  4.224044  3.874977 0.549433 
  1.207500e+00  4.224014  3.874946 0.549433 
  1.210000e+00  4.223984  3.874917 0.549433 
  1.212500e+00  4.223954  3.874887 0.549433 
  1.215000e+00  4.223925  3.874858 0.549433 
  1.217500e+00  4.223896  3.874829 0.549433 
  1.220000e+00  4.223867  3.874801 0.549433 
  1.222500e+00  4.223839  3.874773 0.549433 
  1.225000e+00  4.223811  3.874745 0.549433 
  1.227500e+00  4.223784  3.874718 0.549433 
  1.230000e+00  4.223757  3.874691 0.549433 
  1.232500e+00  4.223730  3.874664 0.549433 
  1.235000e+00  4.223703  3.874637 0.549433 
  1.237500e+00  4.223677  3.874611 0.549433 
  1.240000e+00  4.223651  3.874585 0.549433 
  1.242500e+00  4.223625  3.874560 0.549433 
  1.245000e+00  4.223600  3.874535 0.549433 
  1.247500e+00  4.223575  3.874510 0.549433 
  1.250000e+00  4.223550  3.874485 0.549433 
  1.252500e+00  4.223525  3.874461 0.549433 
  1.255000e+00  4.223501  3.874437 0.549433 
  1.257500e+00  4.223477  3.874413 0.549433 
  1.260000e+00  4.223454  3.874390 0.549433 
  1.262500e+00  4.223430  3.874366 0.549433 
  1.265000e+00  4.223407  3.874343 0.549433 
  1.267500e+00  4.223384  3.874321 0.549433 
  1.270000e+00  4.223362  3.874298 0.549433 
  1.272500e+00  4.223340  3.874276 0.549433 
  1.275000e+00  4.223318  3.874254 0.549433 
  1.277500e+00  4.223296  3.874233 0.549433 
  1.280000e+00  4.223274  3.874211 0.549433 
  1.282500e+00  4.223253  3.874190 0.549433 
  1.285000e+00  4.223232  3.874169 0.549433 
  1.287500e+00  4.223211  3.874149 0.549433 
  1.290000e+00  4.223191  3.874128 0.549433 
  1.292500e+00  4.223170  3.874108 0.549433 
  1.295000e+00  4.223150  3.874088 0.549433 
  1.297500e+00  4.223131  3.874068 0.549433 
  1.300000e+00  4.223111  3.874049 0.549433 
  1.302500e+00  4.223092  3.874030 0.549433 
  1.305000e+00  4.223073  3.874011 0.549433 
  1.307500e+00  4.223054  3.873992 0.549433 
  1.310000e+00  4.223035  3.873973 0.549433 
  1.312500e+00  4.223016  3.873955 0.549433 
  1.315000e+00  4.222998  3.873937 0.549433 
  1.317500e+00  4.222980  3.873919 0.549433 
  1.320000e+00  4.222962  3.873901 0.549433 
  1.322500e+00  4.222945  3.873883 0.549433 
  1.325000e+00  4.222927  3.873866 0.549433 
  1.327500e+00  4.222910  3.873849 0.549433 
  1.330000e+00  4.222893  3.873832 0.549433 
  1.332500e+00  4.222876  3.873815 0.549433 
  1.335000e+00  4.222859  3.873799 0.549433 
  1.337500e+00  4.222843  3.873782 0.549433 
  1.340000e+00  4.222827  3.873766 0.549433 
  1.342500e+00  4.222811  3.873750 0.549433 
  1.345000e+00  4.222795  3.873734 0.549433 
  1.347500e+00  4.222779  3.873719 0.549433 
  1.350000e+00  4.222764  3.873703 0.549433 
  1.352500e+00  4.222748  3.873688 0.549433 
  1.355000e+00  4.222733  3.873673 0.549433 
  1.357500e+00  4.222718  3.873658 0.549433 
  1.360000e+00  4.222703  3.873643 0.549433 
  1.362500e+00  4.222689  3.873629 0.549433 
  1.365000e+00  4.222674  3.873614 0.549433 
  1.367500e+00  4.222660  3.873600 0.549433 
  1.370000e+00  4.222646  3.873586 0.549433 
  1.372500e+00  4.222632  3.873572 0.549433 
  1.375000e+00  4.222618  3.873559 0.549433 
  1.377500e+00  4.222604  3.873545 0.549433 
  1.380000e+00  4.222591  3.873532 0.549433 
  1.382500e+00  4.222577  3.873518 0.549433 
  1.385000e+00  4.222564  3.873505 0.549433 
  1.387500e+00  4.222551  3.873492 0.549433 
  1.390000e+00  4.222538  3.873479 0.549433 
  1.392500e+00  4.222525  3.873467 0.549433 
  1.395000e+00  4.222513  3.873454 0.549433 
  1.397500e+00  4.222500  3.873442 0.549433 
  1.400000e+00  4.222488  3.873429 0.549433 
  1.402500e+00  4.222476  3.873417 0.549433 
  1.405000e+00  4.222464  3.873405 0.549433 
  1.407500e+00  4.222452  3.873393 0.549433 
  1.410000e+00  4.222440  3.873382 0.549433 
  1.412500e+00  4.222428  3.873370 0.549433 
  1.415000e+00  4.222417  3.873359 0.549433 
  1.417500e+00  4.222405  3.873347 0.549433 
  1.420000e+00  4.222394  3.873336 0.549433 
  1.422500e+00  4.222383  3.873325 0.549433 
  1.425000e+00  4.222372  3.873314 0.549433 
  1.427500e+00  4.222361  3.873304 0.549433 
  1.430000e+00  4.222351  3.873293 0.549433 
  1.432500e+00  4.222340  3.873282 0.549433 
  1.435000e+00  4.222329  3.873272 0.549433 
  1.437500e+00  4.222319  3.873262 0.549433 
  1.440000e+00  4.222309  3.873251 0.549433 
  1.442500e+00  4.222299  3.873241 0.549433 
  1.445000e+00  4.222289  3.873231 0.549433 
  1.447500e+00  4.222279  3.873221 0.549433 
  1.450000e+00  4.222269  3.873212 0.549433 
  1.452500e+00  4.222259  3.873202 0.549433 
  1.455000e+00  4.222250  3.873193 0.549433 
  1.457500e+00  4.222240  3.873183 0.549433 
  1.460000e+00  4.222231  3.873174 0.549433 
  1.462500e+00  4.222222  3.873165 0.549433 
  1.465000e+00  4.222212  3.873156 0.549433 
  1.467500e+00  4.222203  3.873147 0.549433 
  1.470000e+00  4.222195  3.873138 0.549433 
  1.472500e+00  4.222186  3.873129 0.549433 
  1.475000e+00  4.222177  3.873120 0.549433 
  1.477500e+00  4.222168  3.873112 0.549433 
  1.480000e+00  4.222160  3.873103 0.549433 
  1.482500e+00  4.222151  3.873095 0.549433 
  1.485000e+00  4.222143  3.873087 0.549433 
  1.487500e+00  4.222135  3.873078 0.549433 
  1.490000e+00  4.222127  3.873070 0.549433 
  1.492500e+00  4.222119  3.873062 0.549433 
  1.495000e+00  4.222111  3.873054 0.549433 
  1.497500e+00  4.222103  3.873046 0.549433 
  1.500000e+00  4.222095  3.873039 0.549433 
  1.502500e+00  4.222087  3.873031 0.549433 
  1.505000e+00  4.222080  3.873023 0.549433 
  1.507500e+00  4.222072  3.873016 0.549433 
  1.510000e+00  4.222065  3.873009 0.549433 
  1.512500e+00  4.222057  3.873001 0.549433 
  1.515000e+00  4.222050  3.872994 0.549433 
  1.517500e+00  4.222043  3.872987 0.549433 
  1.520000e+00  4.222036  3.872980 0.549433 
  1.522500e+00  4.222029  3.872973 0.549433 
  1.525000e+00  4.222022  3.872966 0.549433 
  1.527500e+00  4.222015  3.872959 0.549432 
  1.530000e+00  4.222008  3.872952 0.549432 
  1.532500e+00  4.222001  3.872946 0.549432 
  1.535000e+00  4.221995  3.872939 0.549432 
  1.537500e+00  4.221988  3.872933 0.549432 
  1.540000e+00  4.221982  3.872926 0.549432 
  1.542500e+00  4.221975  3.872920 0.549432 
  1.545000e+00  4.221969  3.872913 0.549432 
  1.547500e+00  4.221963  3.872907 0.549432 
  1.550000e+00  4.221956  3.872901 0.549432 
  1.552500e+00  4.221950  3.872895 0.549432 
  1.555000e+00  4.221944  3.872889 0.549432 
  1.557500e+00  4.221938  3.872883 0.549432 
  1.560000e+00  4.221932  3.872877 0.549432 
  1.562500e+00  4.221927  3.872871 0.549432 
  1.565000e+00  4.221921  3.872866 0.549432 
  1.567500e+00  4.221915  3.872860 0.549432 
  1.570000e+00  4.221909  3.872854 0.549432 
  1.572500e+00  4.221904  3.872849 0.549432 
  1.575000e+00  4.221898  3.872843 0.549432 
  1.577500e+00  4.221893  3.872838 0.549432 
  1.580000e+00  4.221887  3.872832 0.549432 
  1.582500e+00  4.221882  3.872827 0.549432 
  1.585000e+00  4.221877  3.872822 0.549432 
  1.587500e+00  4.221872  3.872817 0.549432 
  1.590000e+00  4.221866  3.872811 0.549432 
  1.592500e+00  4.221861  3.872806 0.549432 
  1.595000e+00  4.221856  3.872801 0.549432 
  1.597500e+00  4.221851  3.872796 0.549432 
  1.600000e+00  4.221846  3.872791 0.549432 
  1.602500e+00  4.221841  3.872787 0.549432 
  1.605000e+00  4.221837  3.872782 0.549432 
  1.607500e+00  4.221832  3.872777 0.549432 
  1.610000e+00  4.221827  3.872772 0.549432 
  1.612500e+00  4.221822  3.872768 0.549432 
  1.615000e+00  4.221818  3.872763 0.549432 
  1.617500e+00  4.221813  3.872759 0.549432 
  1.620000e+00  4.221809  3.872754 0.549432 
  1.622500e+00  4.221804  3.872750 0.549432 
  1.625000e+00  4.221800  3.872745 0.549432 
  1.627500e+00  4.221796  3.872741 0.549432 
  1.630000e+00  4.221791  3.872737 0.549432 
  1.632500e+00  4.221787  3.872733 0.549432 
  1.635000e+00  4.221783  3.872728 0.549432 
  1.637500e+00  4.221779  3.872724 0.549432 
  1.640000e+00  4.221775  3.872720 0.549432 
  1.642500e+00  4.221771  3.872716 0.549432 
  1.645000e+00  4.221766  3.872712 0.549432 
  1.647500e+00  4.221763  3.872708 0.549432 
  1.650000e+00  4.221759  3.872704 0.549432 
  1.652500e+00  4.221755  3.872700 0.549432 
  1.655000e+00  4.221751  3.872697 0.549432 
  1.657500e+00  4.221747  3.872693 0.549432 
  1.660000e+00  4.221743  3.872689 0.549432 
  1.662500e+00  4.221740  3.872685 0.549432 
  1.665000e+00  4.221736  3.872682 0.549432 
  1.667500e+00  4.221732  3.872678 0.549432 
  1.670000e+00  4.221729  3.872675 0.549432 
  1.672500e+00  4.221725  3.872671 0.549432 
  1.675000e+00  4.221722  3.872668 0.549432 
  1.677500e+00  4.221718  3.872664 0.549432 
  1.680000e+00  4.221715  3.872661 0.549432 
  1.682500e+00  4.221711  3.872657 0.549432 
  1.685000e+00  4.221708  3.872654 0.549432 
  1.687500e+00  4.221705  3.872651 0.549432 
  1.690000e+00  4.221701  3.872647 0.549432 
  1.692500e+00  4.221698  3.872644 0.549432 
  1.695000e+00  4.221695  3.872641 0.549432 
  1.697500e+00  4.221692  3.872638 0.549432 
  1.700000e+00  4.221689  3.872635 0.549432 
  1.702500e+00  4.221686  3.872632 0.549432 
  1.705000e+00  4.221683  3.872629 0.549432 
  1.707500e+00  4.221680  3.872626 0.549432 
  1.710000e+00  4.221677  3.872623 0.549432 
  1.712500e+00  4.221674  3.872620 0.549432 
  1.715000e+00  4.221671  3.872617 0.549432 
  1.717500e+00  4.221668  3.872614 0.549432 
  1.720000e+00  4.221665  3.872611 0.549432 
  1.722500e+00  4.221662  3.872608 0.549432 
  1.725000e+00  4.221659  3.872606 0.549432 
  1.727500e+00  4.221657  3.872603 0.549432 
  1.730000e+00  4.221654  3.872600 0.549432 
  1.732500e+00  4.221651  3.872597 0.549432 
  1.735000e+00  4.221648  3.872595 0.549432 
  1.737500e+00  4.221646  3.872592 0.549432 
  1.740000e+00  4.221643  3.872590 0.549432 
  1.742500e+00  4.221641  3.872587 0.549432 
  1.745000e+00  4.221638  3.872584 0.549432 
  1.747500e+00  4.221636  3.872582 0.549432 
  1.750000e+00  4.221633  3.872579 0.549432 
  1.752500e+00  4.221631  3.872577 0.549432 
  1.755000e+00  4.221628  3.872575 0.549432 
  1.757500e+00  4.221626  3.872572 0.549432 
  1.760000e+00  4.221623  3.872570 0.549432 
  1.762500e+00  4.221621  3.872567 0.549432 
  1.765000e+00  4.221619  3.872565 0.549432 
  1.767500e+00  4.221616  3.872563 0.549432 
  1.770000e+00  4.221614  3.872561 0.549432 
  1.772500e+00  4.221612  3.872558 0.549432 
  1.775000e+00  4.221610  3.872556 0.549432 
  1.777500e+00  4.221607  3.872554 0.549432 
  1.780000e+00  4.221605  3.872552 0.549432 
  1.782500e+00  4.221603  3.872550 0.549432 
  1.785000e+00  4.221601  3.872548 0.549432 
  1.787500e+00  4.221599  3.872545 0.549432 
  1.790000e+00  4.221597  3.872543 0.549432 
  1.792500e+00  4.221595  3.872541 0.549432 
  1.795000e+00  4.221593  3.872539 0.549432 
  1.797500e+00  4.221591  3.872537 0.549432 
  1.800000e+00  4.221589  3.872535 0.549432 
  1.802500e+00  4.221587  3.872533 0.549432 
  1.805000e+00  4.221585  3.872531 0.549432 
  1.807500e+00  4.221583  3.872530 0.549432 
  1.810000e+00  4.221581  3.872528 0.549432 
  1.812500e+00  4.221579  3.872526 0.549432 
  1.815000e+00  4.221577  3.872524 0.549432 
  1.817500e+00  4.221575  3.872522 0.549432 
  1.820000e+00  4.221574  3.872520 0.549432 
  1.822500e+00  4.221572  3.872519 0.549432 
  1.825000e+00  4.221570  3.872517 0.549432 
  1.827500e+00  4.221568  3.872515 0.549432 
  1.830000e+00  4.221567  3.872513 0.549432 
  1.832500e+00  4.221565  3.872512 0.549432 
  1.835000e+00  4.221563  3.872510 0.549432 
  1.837500e+00  4.221562  3.872508 0.549432 
  1.840000e+00  4.221560  3.872507 0.549432 
  1.842500e+00  4.221558  3.872505 0.549432 
  1.845000e+00  4.221557  3.872503 0.549432 
  1.847500e+00  4.221555  3.872502 0.549432 
  1.850000e+00  4.221553  3.872500 0.549432 
  1.852500e+00  4.221552  3.872499 0.549432 
  1.855000e+00  4.221550  3.872497 0.549432 
  1.857500e+00  4.221549  3.872496 0.549432 
  1.860000e+00  4.221547  3.872494 0.549432 
  1.862500e+00  4.221546  3.872493 0.549432 
  1.865000e+00  4.221544  3.872491 0.549432 
  1.867500e+00  4.221543  3.872490 0.549432 
  1.870000e+00  4.221541  3.872488 0.549432 
  1.872500e+00  4.221540  3.872487 0.549432 
  1.875000e+00  4.221539  3.872485 0.549432 
  1.877500e+00  4.221537  3.872484 0.549432 
  1.880000e+00  4.221536  3.872483 0.549432 
  1.882500e+00  4.221534  3.872481 0.549432 
  1.885000e+00  4.221533  3.872480 0.549432 
  1.887500e+00  4.221532  3.872479 0.549432 
  1.890000e+00  4.221530  3.872477 0.549432 
  1.892500e+00  4.221529  3.872476 0.549432 
  1.895000e+00  4.221528  3.872475 0.549432 
  1.897500e+00  4.221527  3.872473 0.549432 
  1.900000e+00  4.221525  3.872472 0.549432 
  1.902500e+00  4.221524  3.872471 0.549432 
  1.905000e+00  4.221523  3.872470 0.549432 
  1.907500e+00  4.221522  3.872469 0.549432 
  1.910000e+00  4.221520  3.872467 0.549432 
  1.912500e+00  4.221519  3.872466 0.549432 
  1.915000e+00  4.221518  3.872465 0.549432 
  1.917500e+00  4.221517  3.872464 0.549432 
  1.920000e+00  4.221516  3.872463 0.549432 
  1.922500e+00  4.221515  3.872462 0.549432 
  1.925000e+00  4.221513  3.872460 0.549432 
  1.927500e+00  4.221512  3.872459 0.549432 
  1.930000e+00  4.221511  3.872458 0.549432 
  1.932500e+00  4.221510  3.872457 0.549432 
  1.935000e+00  4.221509  3.872456 0.549432 
  1.937500e+00  4.221508  3.872455 0.549432 
  1.940000e+00  4.221507  3.872454 0.549432 
  1.942500e+00  4.221506  3.872453 0.549432 
  1.945000e+00  4.221505  3.872452 0.549432 
  1.947500e+00  4.221504  3.872451 0.549432 
  1.950000e+00  4.221503  3.872450 0.549432 
  1.952500e+00  4.221502  3.872449 0.549432 
  1.955000e+00  4.221501  3.872448 0.549432 
  1.957500e+00  4.221500  3.872447 0.549432 
  1.960000e+00  4.221499  3.872446 0.549432 
  1.962500e+00  4.221498  3.872445 0.549432 
  1.965000e+00  4.221497  3.872444 0.549432 
  1.967500e+00  4.221496  3.872443 0.549432 
  1.970000e+00  4.221495  3.872442 0.549432 
  1.972500e+00  4.221494  3.872441 0.549432 
  1.975000e+00  4.221493  3.872440 0.549432 
  1.977500e+00  4.221492  3.872440 0.549432 
  1.980000e+00  4.221492  3.872439 0.549432 
  1.982500e+00  4.221491  3.872438 0.549432 
  1.985000e+00  4.221490  3.872437 0.549432 
  1.987500e+00  4.221489  3.872436 0.549432 
  1.990000e+00  4.221488  3.872435 0.549432 
  1.992500e+00  4.221487  3.872434 0.549432 
  1.995000e+00  4.221486  3.872434 0.549432 
  1.997500e+00  4.221486  3.872433 0.549432 
  2.000000e+00  4.221485  3.872432 0.549432 
  2.002500e+00  4.221484  3.872431 0.549432 
  2.005000e+00  4.221483  3.872430 0.549432 
  2.007500e+00  4.221483  3.872430 0.549432 
  2.010000e+00  4.221482  3.872429 0.549432 
  2.012500e+00  4.221481  3.872428 0.549432 
  2.015000e+00  4.221480  3.872427 0.549432 
  2.017500e+00  4.221480  3.872427 0.549432 
  2.020000e+00  4.221479  3.872426 0.549432 
  2.022500e+00  4.221478  3.872425 0.549432 
  2.025000e+00  4.221477  3.872425 0.549432 
  2.027500e+00  4.221477  3.872424 0.549432 
  2.030000e+00  4.221476  3.872423 0.549432 
  2.032500e+00  4.221475  3.872422 0.549432 
  2.035000e+00  4.221475  3.872422 0.549432 
  2.037500e+00  4.221474  3.872421 0.549432 
  2.040000e+00  4.221473  3.872420 0.549432 
  2.042500e+00  4.221473  3.872420 0.549432 
  2.045000e+00  4.221472  3.872419 0.549432 
  2.047500e+00  4.221471  3.872418 0.549432 
  2.050000e+00  4.221471  3.872418 0.549432 
  2.052500e+00  4.221470  3.872417 0.549432 
  2.055000e+00  4.221469  3.872417 0.549432 
  2.057500e+00  4.221469  3.872416 0.549432 
  2.060000e+00  4.221468  3.872415 0.549432 
  2.062500e+00  4.221468  3.872415 0.549432 
  2.065000e+00  4.221467  3.872414 0.549432 
  2.067500e+00  4.221466  3.872414 0.549432 
  2.070000e+00  4.221466  3.872413 0.549432 
  2.072500e+00  4.221465  3.872412 0.549432 
  2.075000e+00  4.221465  3.872412 0.549432 
  2.077500e+00  4.221464  3.872411 0.549432 
  2.080000e+00  4.221463  3.872411 0.549432 
  2.082500e+00  4.221463  3.872410 0.549432 
  2.085000e+00  4.221462  3.872410 0.549432 
  2.087500e+00  4.221462  3.872409 0.549432 
  2.090000e+00  4.221461  3.872409 0.549432 
  2.092500e+00  4.221461  3.872408 0.549432 
  2.095000e+00  4.221460  3.872408 0.549432 
  2.097500e+00  4.221460  3.872407 0.549432 
  2.100000e+00  4.221459  3.872407 0.549432 
  2.102500e+00  4.221459  3.872406 0.549432 
  2.105000e+00  4.221458  3.872406 0.549432 
  2.107500e+00  4.221458  3.872405 0.549432 
  2.110000e+00  4.221457  3.872405 0.549432 
  2.112500e+00  4.221457  3.872404 0.549432 
  2.115000e+00  4.221456  3.872404 0.549432 
  2.117500e+00  4.221456  3.872403 0.549432 
  2.120000e+00  4.221455  3.872403 0.549432 
  2.122500e+00  4.221455  3.872402 0.549432 
  2.125000e+00  4.221454  3.872402 0.549432 
  2.127500e+00  4.221454  3.872401 0.549432 
  2.130000e+00  4.221454  3.872401 0.549432 
  2.132500e+00  4.221453  3.872400 0.549432 
  2.135000e+00  4.221453  3.872400 0.549432 
  2.137500e+00  4.221452  3.872400 0.549432 
  2.140000e+00  4.221452  3.872399 0.549432 
  2.142500e+00  4.221451  3.872399 0.549432 
  2.145000e+00  4.221451  3.872398 0.549432 
  2.147500e+00  4.221451  3.872398 0.549432 
  2.150000e+00  4.221450  3.872397 0.549432 
  2.152500e+00  4.221450  3.872397 0.549432 
  2.155000e+00  4.221449  3.872397 0.549432 
  2.157500e+00  4.221449  3.872396 0.549432 
  2.160000e+00  4.221449  3.872396 0.549432 
  2.162500e+00  4.221448  3.872396 0.549432 
  2.165000e+00  4.221448  3.872395 0.549432 
  2.167500e+00  4.221447  3.872395 0.549432 
  2.170000e+00  4.221447  3.872394 0.549432 
  2.172500e+00  4.221447  3.872394 0.549432 
  2.175000e+00  4.221446  3.872394 0.549432 
  2.177500e+00  4.221446  3.872393 0.549432 
  2.180000e+00  4.221446  3.872393 0.549432 
  2.182500e+00  4.221445  3.872393 0.549432 
  2.185000e+00  4.221445  3.872392 0.549432 
  2.187500e+00  4.221445  3.872392 0.549432 
  2.190000e+00  4.221444  3.872392 0.549432 
  2.192500e+00  4.221444  3.872391 0.549432 
  2.195000e+00  4.221444  3.872391 0.549432 
  2.197500e+00  4.221443  3.872391 0.549432 
  2.200000e+00  4.221443  3.872390 0.549432 
  2.202500e+00  4.221443  3.872390 0.549432 
  2.205000e+00  4.221442  3.872390 0.549432 
  2.207500e+00  4.221442  3.872389 0.549432 
  2.210000e+00  4.221442  3.872389 0.549432 
  2.212500e+00  4.221441  3.872389 0.549432 
  2.215000e+00  4.221441  3.872388 0.549432 
  2.217500e+00  4.221441  3.872388 0.549432 
  2.220000e+00  4.221440  3.872388 0.549432 
  2.222500e+00  4.221440  3.872388 0.549432 
  2.225000e+00  4.221440  3.872387 0.549432 
  2.227500e+00  4.221440  3.872387 0.549432 
  2.230000e+00  4.221439  3.872387 0.549432 
  2.232500e+00  4.221439  3.872386 0.549432 
  2.235000e+00  4.221439  3.872386 0.549432 
  2.237500e+00  4.221438  3.872386 0.549432 
  2.240000e+00  4.221438  3.872386 0.549432 
  2.242500e+00  4.221438  3.872385 0.549432 
  2.245000e+00  4.221438  3.872385 0.549432 
  2.247500e+00  4.221437  3.872385 0.549432 
  2.250000e+00  4.221437  3.872385 0.549432 
  2.252500e+00  4.221437  3.872384 0.549432 
  2.255000e+00  4.221437  3.872384 0.549432 
  2.257500e+00  4.221436  3.872384 0.549432 
  2.260000e+00  4.221436  3.872384 0.549432 
  2.262500e+00  4.221436  3.872383 0.549432 
  2.265000e+00  4.221436  3.872383 0.549432 
  2.267500e+00  4.221435  3.872383 0.549432 
  2.270000e+00  4.221435  3.872383 0.549432 
  2.272500e+00  4.221435  3.872382 0.549432 
  2.275000e+00  4.221435  3.872382 0.549432 
  2.277500e+00  4.221434  3.872382 0.549432 
  2.280000e+00  4.221434  3.872382 0.549432 
  2.282500e+00  4.221434  3.872381 0.549432 
  2.285000e+00  4.221434  3.872381 0.549432 
  2.287500e+00  4.221434  3.872381 0.549432 
  2.290000e+00  4.221433  3.872381 0.549432 
  2.292500e+00  4.221433  3.872381 0.549432 
  2.295000e+00  4.221433  3.872380 0.549432 
  2.297500e+00  4.221433  3.872380 0.549432 
  2.300000e+00  4.221432  3.872380 0.549432 
  2.302500e+00  4.221432  3.872380 0.549432 
  2.305000e+00  4.221432  3.872380 0.549432 
  2.307500e+00  4.221432  3.872379 0.549432 
  2.310000e+00  4.221432  3.872379 0.549432 
  2.312500e+00  4.221431  3.872379 0.549432 
  2.315000e+00  4.221431  3.872379 0.549432 
  2.317500e+00  4.221431  3.872379 0.549432 
  2.320000e+00  4.221431  3.872378 0.549432 
  2.322500e+00  4.221431  3.872378 0.549432 
  2.325000e+00  4.221431  3.872378 0.549432 
  2.327500e+00  4.221430  3.872378 0.549432 
  2.330000e+00  4.221430  3.872378 0.549432 
  2.332500e+00  4.221430  3.872377 0.549432 
  2.335000e+00  4.221430  3.872377 0.549432 
  2.337500e+00  4.221430  3.872377 0.549432 
  2.340000e+00  4.221429  3.872377 0.549432 
  2.342500e+00  4.221429  3.872377 0.549432 
  2.345000e+00  4.221429  3.872377 0.549432 
  2.347500e+00  4.221429  3.872376 0.549432 
  2.350000e+00  4.221429  3.872376 0.549432 
  2.352500e+00  4.221429  3.872376 0.549432 
  2.355000e+00  4.221428  3.872376 0.549432 
  2.357500e+00  4.221428  3.872376 0.549432 
  2.360000e+00  4.221428  3.872376 0.549432 
  2.362500e+00  4.221428  3.872375 0.549432 
  2.365000e+00  4.221428  3.872375 0.549432 
  2.367500e+00  4.221428  3.872375 0.549432 
  2.370000e+00  4.221428  3.872375 0.549432 
  2.372500e+00  4.221427  3.872375 0.549432 
  2.375000e+00  4.221427  3.872375 0.549432 
  2.377500e+00  4.221427  3.872375 0.549432 
  2.380000e+00  4.221427  3.872374 0.549432 
  2.382500e+00  4.221427  3.872374 0.549432 
  2.385000e+00  4.221427  3.872374 0.549432 
  2.387500e+00  4.221427  3.872374 0.549432 
  2.390000e+00  4.221426  3.872374 0.549432 
  2.392500e+00  4.221426  3.872374 0.549432 
  2.395000e+00  4.221426  3.872374 0.549432 
  2.397500e+00  4.221426  3.872373 0.549432 
  2.400000e+00  4.221426  3.872373 0.549432 
  2.402500e+00  4.221426  3.872373 0.549432 
  2.405000e+00  4.221426  3.872373 0.549432 
  2.407500e+00  4.221425  3.872373 0.549432 
  2.410000e+00  4.221425  3.872373 0.549432 
  2.412500e+00  4.221425  3.872373 0.549432 
  2.415000e+00  4.221425  3.872373 0.549432 
  2.417500e+00  4.221425  3.872372 0.549432 
  2.420000e+00  4.221425  3.872372 0.549432 
  2.422500e+00  4.221425  3.872372 0.549432 
  2.425000e+00  4.221425  3.872372 0.549432 
  2.427500e+00  4.221425  3.872372 0.549432 
  2.430000e+00  4.221424  3.872372 0.549432 
  2.432500e+00  4.221424  3.872372 0.549432 
  2.435000e+00  4.221424  3.872372 0.549432 
  2.437500e+00  4.221424  3.872372 0.549432 
  2.440000e+00  4.221424  3.872371 0.549432 
  2.442500e+00  4.221424  3.872371 0.549432 
  2.445000e+00  4.221424  3.872371 0.549432 
  2.447500e+00  4.221424  3.872371 0.549432 
  2.450000e+00  4.221424  3.872371 0.549432 
  2.452500e+00  4.221423  3.872371 0.549432 
  2.455000e+00  4.221423  3.872371 0.549432 
  2.457500e+00  4.221423  3.872371 0.549432 
  2.460000e+00  4.221423  3.872371 0.549432 
  2.462500e+00  4.221423  3.872371 0.549432 
  2.465000e+00  4.221423  3.872370 0.549432 
  2.467500e+00  4.221423  3.872370 0.549432 
  2.470000e+00  4.221423  3.872370 0.549432 
  2.472500e+00  4.221423  3.872370 0.549432 
  2.475000e+00  4.221423  3.872370 0.549432 
  2.477500e+00  4.221422  3.872370 0.549432 
  2.480000e+00  4.221422  3.872370 0.549432 
  2.482500e+00  4.221422  3.872370 0.549432 
  2.485000e+00  4.221422  3.872370 0.549432 
  2.487500e+00  4.221422  3.872370 0.549432 
  2.490000e+00  4.221422  3.872370 0.549432 
  2.492500e+00  4.221422  3.872369 0.549432 
  2.495000e+00  4.221422  3.872369 0.549432 
  2.497500e+00  4.221422  3.872369 0.549432 
  2.500000e+00  4.221422  3.872369 0.549432 
  2.502500e+00  4.221422  3.872369 0.549432 
  2.505000e+00  4.221421  3.872369 0.549432 
  2.507500e+00  4.221421  3.872369 0.549432 
  2.510000e+00  4.221421  3.872369 0.549432 
  2.512500e+00  4.221421  3.872369 0.549432 
  2.515000e+00  4.221421  3.872369 0.549432 
  2.517500e+00  4.221421  3.872369 0.549432 
  2.520000e+00  4.221421  3.872369 0.549432 
  2.522500e+00  4.221421  3.872368 0.549432 
  2.525000e+00  4.221421  3.872368 0.549432 
  2.527500e+00  4.221421  3.872368 0.549432 
  2.530000e+00  4.221421  3.872368 0.549432 
  2.532500e+00  4.221421  3.872368 0.549432 
  2.535000e+00  4.221421  3.872368 0.549432 
  2.537500e+00  4.221421  3.872368 0.549432 
  2.540000e+00  4.221420  3.872368 0.549432 
  2.542500e+00  4.221420  3.872368 0.549432 
  2.545000e+00  4.221420  3.872368 0.549432 
  2.547500e+00  4.221420  3.872368 0.549432 
  2.550000e+00  4.221420  3.872368 0.549432 
  2.552500e+00  4.221420  3.872368 0.549432 
  2.555000e+00  4.221420  3.872368 0.549432 
  2.557500e+00  4.221420  3.872367 0.549432 
  2.560000e+00  4.221420  3.872367 0.549432 
  2.562500e+00  4.221420  3.872367 0.549432 
  2.565000e+00  4.221420  3.872367 0.549432 
  2.567500e+00  4.221420  3.872367 0.549432 
  2.570000e+00  4.221420  3.872367 0.549432 
  2.572500e+00  4.221420  3.872367 0.549432 
  2.575000e+00  4.221420  3.872367 0.549432 
  2.577500e+00  4.221419  3.872367 0.549432 
  2.580000e+00  4.221419  3.872367 0.549432 
  2.582500e+00  4.221419  3.872367 0.549432 
  2.585000e+00  4.221419  3.872367 0.549432 
  2.587500e+00  4.221419  3.872367 0.549432 
  2.590000e+00  4.221419  3.872367 0.549432 
  2.592500e+00  4.221419  3.872367 0.549432 
  2.595000e+00  4.221419  3.872367 0.549432 
  2.597500e+00  4.221419  3.872367 0.549432 
  2.600000e+00  4.221419  3.872367 0.549432 
  2.602500e+00  4.221419  3.872366 0.549432 
  2.605000e+00  4.221419  3.872366 0.549432 
  2.607500e+00  4.221419  3.872366 0.549432 
  2.610000e+00  4.221419  3.872366 0.549432 
  2.612500e+00  4.221419  3.872366 0.549432 
  2.615000e+00  4.221419  3.872366 0.549432 
  2.617500e+00  4.221419  3.872366 0.549432 
  2.620000e+00  4.221419  3.872366 0.549432 
  2.622500e+00  4.221419  3.872366 0.549432 
  2.625000e+00  4.221418  3.872366 0.549432 
  2.627500e+00  4.221418  3.872366 0.549432 
  2.630000e+00  4.221418  3.872366 0.549432 
  2.632500e+00  4.221418  3.872366 0.549432 
  2.635000e+00  4.221418  3.872366 0.549432 
  2.637500e+00  4.221418  3.872366 0.549432 
  2.640000e+00  4.221418  3.872366 0.549432 
  2.642500e+00  4.221418  3.872366 0.549432 
  2.645000e+00  4.221418  3.872366 0.549432 
  2.647500e+00  4.221418  3.872366 0.549432 
  2.650000e+00  4.221418  3.872366 0.549432 
  2.652500e+00  4.221418  3.872366 0.549432 
  2.655000e+00  4.221418  3.872365 0.549432 
  2.657500e+00  4.221418  3.872365 0.549432 
  2.660000e+00  4.221418  3.872365 0.549432 
  2.662500e+00  4.221418  3.872365 0.549432 
  2.665000e+00  4.221418  3.872365 0.549432 
  2.667500e+00  4.221418  3.872365 0.549432 
  2.670000e+00  4.221418  3.872365 0.549432 
  2.672500e+00  4.221418  3.872365 0.549432 
  2.675000e+00  4.221418  3.872365 0.549432 
  2.677500e+00  4.221418  3.872365 0.549432 
  2.680000e+00  4.221418  3.872365 0.549432 
  2.682500e+00  4.221418  3.872365 0.549432 
  2.685000e+00  4.221417  3.872365 0.549432 
  2.687500e+00  4.221417  3.872365 0.549432 
  2.690000e+00  4.221417  3.872365 0.549432 
  2.692500e+00  4.221417  3.872365 0.549432 
  2.695000e+00  4.221417  3.872365 0.549432 
  2.697500e+00  4.221417  3.872365 0.549432 
  2.700000e+00  4.221417  3.872365 0.549432 
  2.702500e+00  4.221417  3.872365 0.549432 
  2.705000e+00  4.221417  3.872365 0.549432 
  2.707500e+00  4.221417  3.872365 0.549432 
  2.710000e+00  4.221417  3.872365 0.549432 
  2.712500e+00  4.221417  3.872365 0.549432 
  2.715000e+00  4.221417  3.872365 0.549432 
  2.717500e+00  4.221417  3.872365 0.549432 
  2.720000e+00  4.221417  3.872365 0.549432 
  2.722500e+00  4.221417  3.872365 0.549432 
  2.725000e+00  4.221417  3.872364 0.549432 
  2.727500e+00  4.221417  3.872364 0.549432 
  2.730000e+00  4.221417  3.872364 0.549432 
  2.732500e+00  4.221417  3.872364 0.549432 
  2.735000e+00  4.221417  3.872364 0.549432 
  2.737500e+00  4.221417  3.872364 0.549432 
  2.740000e+00  4.221417  3.872364 0.549432 
  2.742500e+00  4.221417  3.872364 0.549432 
  2.745000e+00  4.221417  3.872364 0.549432 
  2.747500e+00  4.221417  3.872364 0.549432 
  2.750000e+00  4.221417  3.872364 0.549432 
  2.752500e+00  4.221417  3.872364 0.549432 
  2.755000e+00  4.221417  3.872364 0.549432 
  2.757500e+00  4.221417  3.872364 0.549432 
  2.760000e+00  4.221417  3.872364 0.549432 
  2.762500e+00  4.221417  3.872364 0.549432 
  2.765000e+00  4.221416  3.872364 0.549432 
  2.767500e+00  4.221416  3.872364 0.549432 
  2.770000e+00  4.221416  3.872364 0.549432 
  2.772500e+00  4.221416  3.872364 0.549432 
  2.775000e+00  4.221416  3.872364 0.549432 
  2.777500e+00  4.221416  3.872364 0.549432 
  2.780000e+00  4.221416  3.872364 0.549432 
  2.782500e+00  4.221416  3.872364 0.549432 
  2.785000e+00  4.221416  3.872364 0.549432 
  2.787500e+00  4.221416  3.872364 0.549432 
  2.790000e+00  4.221416  3.872364 0.549432 
  2.792500e+00  4.221416  3.872364 0.549432 
  2.795000e+00  4.221416  3.872364 0.549432 
  2.797500e+00  4.221416  3.872364 0.549432 
  2.800000e+00  4.221416  3.872364 0.549432 
  2.802500e+00  4.221416  3.872364 0.549432 
  2.805000e+00  4.221416  3.872364 0.549432 
  2.807500e+00  4.221416  3.872364 0.549432 
  2.810000e+00  4.221416  3.872364 0.549432 
  2.812500e+00  4.221416  3.872364 0.549432 
  2.815000e+00  4.221416  3.872364 0.549432 
  2.817500e+00  4.221416  3.872364 0.549432 
  2.820000e+00  4.221416  3.872364 0.549432 
  2.822500e+00  4.221416  3.872364 0.549432 
  2.825000e+00  4.221416  3.872364 0.549432 
  2.827500e+00  4.221416  3.872363 0.549432 
  2.830000e+00  4.221416  3.872363 0.549432 
  2.832500e+00  4.221416  3.872363 0.549432 
  2.835000e+00  4.221416  3.872363 0.549432 
  2.837500e+00  4.221416  3.872363 0.549432 
  2.840000e+00  4.221416  3.872363 0.549432 
  2.842500e+00  4.221416  3.872363 0.549432 
  2.845000e+00  4.221416  3.872363 0.549432 
  2.847500e+00  4.221416  3.872363 0.549432 
  2.850000e+00  4.221416  3.872363 0.549432 
  2.852500e+00  4.221416  3.872363 0.549432 
  2.855000e+00  4.221416  3.872363 0.549432 
  2.857500e+00  4.221416  3.872363 0.549432 
  2.860000e+00  4.221416  3.872363 0.549432 
  2.862500e+00  4.221416  3.872363 0.549432 
  2.865000e+00  4.221416  3.872363 0.549432 
  2.867500e+00  4.221416  3.872363 0.549432 
  2.870000e+00  4.221416  3.872363 0.549432 
  2.872500e+00  4.221416  3.872363 0.549432 
  2.875000e+00  4.221416  3.872363 0.549432 
  2.877500e+00  4.221416  3.872363 0.549432 
  2.880000e+00  4.221416  3.872363 0.549432 
  2.882500e+00  4.221416  3.872363 0.549432 
  2.885000e+00  4.221416  3.872363 0.549432 
  2.887500e+00  4.221416  3.872363 0.549432 
  2.890000e+00  4.221416  3.872363 0.549432 
  2.892500e+00  4.221416  3.872363 0.549432 
  2.895000e+00  4.221416  3.872363 0.549432 
  2.897500e+00  4.221415  3.872363 0.549432 
  2.900000e+00  4.221415  3.872363 0.549432 
  2.902500e+00  4.221415  3.872363 0.549432 
  2.905000e+00  4.221415  3.872363 0.549432 
  2.907500e+00  4.221415  3.872363 0.549432 
  2.910000e+00  4.221415  3.872363 0.549432 
  2.912500e+00  4.221415  3.872363 0.549432 
  2.915000e+00  4.221415  3.872363 0.549432 
  2.917500e+00  4.221415  3.872363 0.549432 
  2.920000e+00  4.221415  3.872363 0.549432 
  2.922500e+00  4.221415  3.872363 0.549432 
  2.925000e+00  4.221415  3.872363 0.549432 
  2.927500e+00  4.221415  3.872363 0.549432 
  2.930000e+00  4.221415  3.872363 0.549432 
  2.932500e+00  4.221415  3.872363 0.549432 
  2.935000e+00  4.221415  3.872363 0.549432 
  2.937500e+00  4.221415  3.872363 0.549432 
  2.940000e+00  4.221415  3.872363 0.549432 
  2.942500e+00  4.221415  3.872363 0.549432 
  2.945000e+00  4.221415  3.872363 0.549432 
  2.947500e+00  4.221415  3.872363 0.549432 
  2.950000e+00  4.221415  3.872363 0.549432 
  2.952500e+00  4.221415  3.872363 0.549432 
  2.955000e+00  4.221415  3.872363 0.549432 
  2.957500e+00  4.221415  3.872363 0.549432 
  2.960000e+00  4.221415  3.872363 0.549432 
  2.962500e+00  4.221415  3.872363 0.549432 
  2.965000e+00  4.221415  3.872363 0.549432 
  2.967500e+00  4.221415  3.872363 0.549432 
  2.970000e+00  4.221415  3.872363 0.549432 
  2.972500e+00  4.221415  3.872363 0.549432 
  2.975000e+00  4.221415  3.872363 0.549432 
  2.977500e+00  4.221415  3.872363 0.549432 
  2.980000e+00  4.221415  3.872363 0.549432 
  2.982500e+00  4.221415  3.872363 0.549432 
  2.985000e+00  4.221415  3.872363 0.549432 
  2.987500e+00  4.221415  3.872363 0.549432 
  2.990000e+00  4.221415  3.872363 0.549432 
  2.992500e+00  4.221415  3.872363 0.549432 
  2.995000e+00  4.221415  3.872363 0.549432 
  2.997500e+00  4.221415  3.872363 0.549432 
  3.000000e+00  4.221415  3.872363 0.549432 
  3.002500e+00  4.221415  3.872363 0.549432 
  3.005000e+00  4.221415  3.872363 0.549432 
  3.007500e+00  4.221415  3.872363 0.549432 
  3.010000e+00  4.221415  3.872363 0.549432 
  3.012500e+00  4.221415  3.872363 0.549432 
  3.015000e+00  4.221415  3.872363 0.549432 
  3.017500e+00  4.221415  3.872363 0.549432 
  3.020000e+00  4.221415  3.872363 0.549432 
  3.022500e+00  4.221415  3.872363 0.549432 
  3.025000e+00  4.221415  3.872363 0.549432 
  3.027500e+00  4.221415  3.872362 0.549432 
  3.030000e+00  4.221415  3.872362 0.549432 
  3.032500e+00  4.221415  3.872362 0.549432 
  3.035000e+00  4.221415  3.872362 0.549432 
  3.037500e+00  4.221415  3.872362 0.549432 
  3.040000e+00  4.221415  3.872362 0.549432 
  3.042500e+00  4.221415  3.872362 0.549432 
  3.045000e+00  4.221415  3.872362 0.549432 
  3.047500e+00  4.221415  3.872362 0.549432 
  3.050000e+00  4.221415  3.872362 0.549432 
  3.052500e+00  4.221415  3.872362 0.549432 
  3.055000e+00  4.221415  3.872362 0.549432 
  3.057500e+00  4.221415  3.872362 0.549432 
  3.060000e+00  4.221415  3.872362 0.549432 
  3.062500e+00  4.221415  3.872362 0.549432 
  3.065000e+00  4.221415  3.872362 0.549432 
  3.067500e+00  4.221415  3.872362 0.549432 
  3.070000e+00  4.221415  3.872362 0.549432 
  3.072500e+00  4.221415  3.872362 0.549432 
  3.075000e+00  4.221415  3.872362 0.549432 
  3.077500e+00  4.221415  3.872362 0.549432 
  3.080000e+00  4.221415  3.872362 0.549432 
  3.082500e+00  4.221415  3.872362 0.549432 
  3.085000e+00  4.221415  3.872362 0.549432 
  3.087500e+00  4.221415  3.872362 0.549432 
  3.090000e+00  4.221415  3.872362 0.549432 
  3.092500e+00  4.221415  3.872362 0.549432 
  3.095000e+00  4.221415  3.872362 0.549432 
  3.097500e+00  4.221415  3.872362 0.549432 
  3.100000e+00  4.221415  3.872362 0.549432 
  3.102500e+00  4.221415  3.872362 0.549432 
  3.105000e+00  4.221415  3.872362 0.549432 
  3.107500e+00  4.221415  3.872362 0.549432 
  3.110000e+00  4.221415  3.872362 0.549432 
  3.112500e+00  4.221415  3.872362 0.549432 
  3.115000e+00  4.221415  3.872362 0.549432 
  3.117500e+00  4.221415  3.872362 0.549432 
  3.120000e+00  4.221415  3.872362 0.549432 
  3.122500e+00  4.221415  3.872362 0.549432 
  3.125000e+00  4.221415  3.872362 0.549432 
  3.127500e+00  4.221415  3.872362 0.549432 
  3.130000e+00  4.221415  3.872362 0.549432 
  3.132500e+00  4.221415  3.872362 0.549432 
  3.135000e+00  4.221415  3.872362 0.549432 
  3.137500e+00  4.221415  3.872362 0.549432 
  3.140000e+00  4.221415  3.872362 0.549432 
  3.142500e+00  4.221415  3.872362 0.549432 
  3.145000e+00  4.221415  3.872362 0.549432 
  3.147500e+00  4.221415  3.872362 0.549432 
  3.150000e+00  4.221415  3.872362 0.549432 
  3.152500e+00  4.221415  3.872362 0.549432 
  3.155000e+00  4.221415  3.872362 0.549432 
  3.157500e+00  4.221415  3.872362 0.549432 
  3.160000e+00  4.221415  3.872362 0.549432 
  3.162500e+00  4.221415  3.872362 0.549432 
  3.165000e+00  4.221415  3.872362 0.549432 
  3.167500e+00  4.221415  3.872362 0.549432 
  3.170000e+00  4.221415  3.872362 0.549432 
  3.172500e+00  4.221415  3.872362 0.549432 
  3.175000e+00  4.221415  3.872362 0.549432 
  3.177500e+00  4.221415  3.872362 0.549432 
  3.180000e+00  4.221415  3.872362 0.549432 
  3.182500e+00  4.221415  3.872362 0.549432 
  3.185000e+00  4.221415  3.872362 0.549432 
  3.187500e+00  4.221415  3.872362 0.549432 
  3.190000e+00  4.221415  3.872362 0.549432 
  3.192500e+00  4.221415  3.872362 0.549432 
  3.195000e+00  4.221415  3.872362 0.549432 
  3.197500e+00  4.221415  3.872362 0.549432 
  3.200000e+00  4.221415  3.872362 0.549432 
  3.202500e+00  4.221415  3.872362 0.549432 
  3.205000e+00  4.221415  3.872362 0.549432 
  3.207500e+00  4.221415  3.872362 0.549432 
  3.210000e+00  4.221415  3.872362 0.549432 
  3.212500e+00  4.221415  3.872362 0.549432 
  3.215000e+00  4.221415  3.872362 0.549432 
  3.217500e+00  4.221415  3.872362 0.549432 
  3.220000e+00  4.221415  3.872362 0.549432 
  3.222500e+00  4.221415  3.872362 0.549432 
  3.225000e+00  4.221415  3.872362 0.549432 
  3.227500e+00  4.221415  3.872362 0.549432 
  3.230000e+00  4.221415  3.872362 0.549432 
  3.232500e+00  4.221415  3.872362 0.549432 
  3.235000e+00  4.221415  3.872362 0.549432 
  3.237500e+00  4.221415  3.872362 0.549432 
  3.240000e+00  4.221415  3.872362 0.549432 
  3.242500e+00  4.221415  3.872362 0.549432 
  3.245000e+00  4.221415  3.872362 0.549432 
  3.247500e+00  4.221415  3.872362 0.549432 
  3.250000e+00  4.221415  3.872362 0.549432 
  3.252500e+00  4.221415  3.872362 0.549432 
  3.255000e+00  4.221415  3.872362 0.549432 
  3.257500e+00  4.221414  3.872362 0.549432 
  3.260000e+00  4.221414  3.872362 0.549432 
  3.262500e+00  4.221414  3.872362 0.549432 
  3.265000e+00  4.221414  3.872362 0.549432 
  3.267500e+00  4.221414  3.872362 0.549432 
  3.270000e+00  4.221414  3.872362 0.549432 
  3.272500e+00  4.221414  3.872362 0.549432 
  3.275000e+00  4.221414  3.872362 0.549432 
  3.277500e+00  4.221414  3.872362 0.549432 
  3.280000e+00  4.221414  3.872362 0.549432 
  3.282500e+00  4.221414  3.872362 0.549432 
  3.285000e+00  4.221414  3.872362 0.549432 
  3.287500e+00  4.221414  3.872362 0.549432 
  3.290000e+00  4.221414  3.872362 0.549432 
  3.292500e+00  4.221414  3.872362 0.549432 
  3.295000e+00  4.221414  3.872362 0.549432 
  3.297500e+00  4.221414  3.872362 0.549432 
  3.300000e+00  4.221414  3.872362 0.549432 
  3.302500e+00  4.221414  3.872362 0.549432 
  3.305000e+00  4.221414  3.872362 0.549432 
  3.307500e+00  4.221414  3.872362 0.549432 
  3.310000e+00  4.221414  3.872362 0.549432 
  3.312500e+00  4.221414  3.872362 0.549432 
  3.315000e+00  4.221414  3.872362 0.549432 
  3.317500e+00  4.221414  3.872362 0.549432 
  3.320000e+00  4.221414  3.872362 0.549432 
  3.322500e+00  4.221414  3.872362 0.549432 
  3.325000e+00  4.221414  3.872362 0.549432 
  3.327500e+00  4.221414  3.872362 0.549432 
  3.330000e+00  4.221414  3.872362 0.549432 
  3.332500e+00  4.221414  3.872362 0.549432 
  3.335000e+00  4.221414  3.872362 0.549432 
  3.337500e+00  4.221414  3.872362 0.549432 
  3.340000e+00  4.221414  3.872362 0.549432 
  3.342500e+00  4.221414  3.872362 0.549432 
  3.345000e+00  4.221414  3.872362 0.549432 
  3.347500e+00  4.221414  3.872362 0.549432 
  3.350000e+00  4.221414  3.872362 0.549432 
  3.352500e+00  4.221414  3.872362 0.549432 
  3.355000e+00  4.221414  3.872362 0.549432 
  3.357500e+00  4.221414  3.872362 0.549432 
  3.360000e+00  4.221414  3.872362 0.549432 
  3.362500e+00  4.221414  3.872362 0.549432 
  3.365000e+00  4.221414  3.872362 0.549432 
  3.367500e+00  4.221414  3.872362 0.549432 
  3.370000e+00  4.221414  3.872362 0.549432 
  3.372500e+00  4.221414  3.872362 0.549432 
  3.375000e+00  4.221414  3.872362 0.549432 
  3.377500e+00  4.221414  3.872362 0.549432 
  3.380000e+00  4.221414  3.872362 0.549432 
  3.382500e+00  4.221414  3.872362 0.549432 
  3.385000e+00  4.221414  3.872362 0.549432 
  3.387500e+00  4.221414  3.872362 0.549432 
  3.390000e+00  4.221414  3.872362 0.549432 
  3.392500e+00  4.221414  3.872362 0.549432 
  3.395000e+00  4.221414  3.872362 0.549432 
  3.397500e+00  4.221414  3.872362 0.549432 
  3.400000e+00  4.221414  3.872362 0.549432 
  3.402500e+00  4.221414  3.872362 0.549432 
  3.405000e+00  4.221414  3.872362 0.549432 
  3.407500e+00  4.221414  3.872362 0.549432 
  3.410000e+00  4.221414  3.872362 0.549432 
  3.412500e+00  4.221414  3.872362 0.549432 
  3.415000e+00  4.221414  3.872362 0.549432 
  3.417500e+00  4.221414  3.872362 0.549432 
  3.420000e+00  4.221414  3.872362 0.549432 
  3.422500e+00  4.221414  3.872362 0.549432 
  3.425000e+00  4.221414  3.872362 0.549432 
  3.427500e+00  4.221414  3.872362 0.549432 
  3.430000e+00  4.221414  3.872362 0.549432 
  3.432500e+00  4.221414  3.872362 0.549432 
  3.435000e+00  4.221414  3.872362 0.549432 
  3.437500e+00  4.221414  3.872362 0.549432 
  3.440000e+00  4.221414  3.872362 0.549432 
  3.442500e+00  4.221414  3.872362 0.549432 
  3.445000e+00  4.221414  3.872362 0.549432 
  3.447500e+00  4.221414  3.872362 0.549432 
  3.450000e+00  4.221414  3.872362 0.549432 
  3.452500e+00  4.221414  3.872362 0.549432 
  3.455000e+00  4.221414  3.872362 0.549432 
  3.457500e+00  4.221414  3.872362 0.549432 
  3.460000e+00  4.221414  3.872362 0.549432 
  3.462500e+00  4.221414  3.872362 0.549432 
  3.465000e+00  4.221414  3.872362 0.549432 
  3.467500e+00  4.221414  3.872362 0.549432 
  3.470000e+00  4.221414  3.872362 0.549432 
  3.472500e+00  4.221414  3.872362 0.549432 
  3.475000e+00  4.221414  3.872362 0.549432 
  3.477500e+00  4.221414  3.872362 0.549432 
  3.480000e+00  4.221414  3.872362 0.549432 
  3.482500e+00  4.221414  3.872362 0.549432 
  3.485000e+00  4.221414  3.872362 0.549432 
  3.487500e+00  4.221414  3.872362 0.549432 
  3.490000e+00  4.221414  3.872362 0.549432 
  3.492500e+00  4.221414  3.872362 0.549432 
  3.495000e+00  4.221414  3.872362 0.549432 
  3.497500e+00  4.221414  3.872362 0.549432 
  3.500000e+00  4.221414  3.872362 0.549432 
  3.502500e+00  4.221414  3.872362 0.549432 
  3.505000e+00  4.221414  3.872362 0.549432 
  3.507500e+00  4.221414  3.872362 0.549432 
  3.510000e+00  4.221414  3.872362 0.549432 
  3.512500e+00  4.221414  3.872362 0.549432 
  3.515000e+00  4.221414  3.872362 0.549432 
  3.517500e+00  4.221414  3.872362 0.549432 
  3.520000e+00  4.221414  3.872362 0.549432 
  3.522500e+00  4.221414  3.872362 0.549432 
  3.525000e+00  4.221414  3.872362 0.549432 
  3.527500e+00  4.221414  3.872362 0.549432 
  3.530000e+00  4.221414  3.872362 0.549432 
  3.532500e+00  4.221414  3.872362 0.549432 
  3.535000e+00  4.221414  3.872362 0.549432 
  3.537500e+00  4.221414  3.872362 0.549432 
  3.540000e+00  4.221414  3.872362 0.549432 
  3.542500e+00  4.221414  3.872362 0.549432 
  3.545000e+00  4.221414  3.872362 0.549432 
  3.547500e+00  4.221414  3.872362 0.549432 
  3.550000e+00  4.221414  3.872362 0.549432 
  3.552500e+00  4.221414  3.872362 0.549432 
  3.555000e+00  4.221414  3.872362 0.549432 
  3.557500e+00  4.221414  3.872362 0.549432 
  3.560000e+00  4.221414  3.872362 0.549432 
  3.562500e+00  4.221414  3.872362 0.549432 
  3.565000e+00  4.221414  3.872362 0.549432 
  3.567500e+00  4.221414  3.872362 0.549432 
  3.570000e+00  4.221414  3.872362 0.549432 
  3.572500e+00  4.221414  3.872362 0.549432 
  3.575000e+00  4.221414  3.872362 0.549432 
  3.577500e+00  4.221414  3.872362 0.549432 
  3.580000e+00  4.221414  3.872362 0.549432 
  3.582500e+00  4.221414  3.872362 0.549432 
  3.585000e+00  4.221414  3.872362 0.549432 
  3.587500e+00  4.221414  3.872362 0.549432 
  3.590000e+00  4.221414  3.872362 0.549432 
  3.592500e+00  4.221414  3.872362 0.549432 
  3.595000e+00  4.221414  3.872362 0.549432 
  3.597500e+00  4.221414  3.872362 0.549432 
  3.600000e+00  4.221414  3.872362 0.549432 
  3.602500e+00  4.221414  3.872362 0.549432 
  3.605000e+00  4.221414  3.872362 0.549432 
  3.607500e+00  4.221414  3.872362 0.549432 
  3.610000e+00  4.221414  3.872362 0.549432 
  3.612500e+00  4.221414  3.872362 0.549432 
  3.615000e+00  4.221414  3.872362 0.549432 
  3.617500e+00  4.221414  3.872362 0.549432 
  3.620000e+00  4.221414  3.872362 0.549432 
  3.622500e+00  4.221414  3.872362 0.549432 
  3.625000e+00  4.221414  3.872362 0.549432 
  3.627500e+00  4.221414  3.872362 0.549432 
  3.630000e+00  4.221414  3.872362 0.549432 
  3.632500e+00  4.221414  3.872362 0.549432 
  3.635000e+00  4.221414  3.872362 0.549432 
  3.637500e+00  4.221414  3.872362 0.549432 
  3.640000e+00  4.221414  3.872362 0.549432 
  3.642500e+00  4.221414  3.872362 0.549432 
  3.645000e+00  4.221414  3.872362 0.549432 
  3.647500e+00  4.221414  3.872362 0.549432 
  3.650000e+00  4.221414  3.872362 0.549432 
  3.652500e+00  4.221414  3.872362 0.549432 
  3.655000e+00  4.221414  3.872362 0.549432 
  3.657500e+00  4.221414  3.872362 0.549432 
  3.660000e+00  4.221414  3.872362 0.549432 
  3.662500e+00  4.221414  3.872362 0.549432 
  3.665000e+00  4.221414  3.872362 0.549432 
  3.667500e+00  4.221414  3.872362 0.549432 
  3.670000e+00  4.221414  3.872362 0.549432 
  3.672500e+00  4.221414  3.872362 0.549432 
  3.675000e+00  4.221414  3.872362 0.549432 
  3.677500e+00  4.221414  3.872362 0.549432 
  3.680000e+00  4.221414  3.872362 0.549432 
  3.682500e+00  4.221414  3.872362 0.549432 
  3.685000e+00  4.221414  3.872362 0.549432 
  3.687500e+00  4.221414  3.872362 0.549432 
  3.690000e+00  4.221414  3.872362 0.549432 
  3.692500e+00  4.221414  3.872362 0.549432 
  3.695000e+00  4.221414  3.872362 0.549432 
  3.697500e+00  4.221414  3.872362 0.549432 
  3.700000e+00  4.221414  3.872362 0.549432 
  3.702500e+00  4.221414  3.872362 0.549432 
  3.705000e+00  4.221414  3.872362 0.549432 
  3.707500e+00  4.221414  3.872362 0.549432 
  3.710000e+00  4.221414  3.872362 0.549432 
  3.712500e+00  4.221414  3.872362 0.549432 
  3.715000e+00  4.221414  3.872362 0.549432 
  3.717500e+00  4.221414  3.872362 0.549432 
  3.720000e+00  4.221414  3.872362 0.549432 
  3.722500e+00  4.221414  3.872362 0.549432 
  3.725000e+00  4.221414  3.872362 0.549432 
  3.727500e+00  4.221414  3.872362 0.549432 
  3.730000e+00  4.221414  3.872362 0.549432 
  3.732500e+00  4.221414  3.872362 0.549432 
  3.735000e+00  4.221414  3.872362 0.549432 
  3.737500e+00  4.221414  3.872362 0.549432 
  3.740000e+00  4.221414  3.872362 0.549432 
  3.742500e+00  4.221414  3.872362 0.549432 
  3.745000e+00  4.221414  3.872362 0.549432 
  3.747500e+00  4.221414  3.872362 0.549432 
  3.750000e+00  4.221414  3.872362 0.549432 
  3.752500e+00  4.221414  3.872362 0.549432 
  3.755000e+00  4.221414  3.872362 0.549432 
  3.757500e+00  4.221414  3.872362 0.549432 
  3.760000e+00  4.221414  3.872362 0.549432 
  3.762500e+00  4.221414  3.872362 0.549432 
  3.765000e+00  4.221414  3.872362 0.549432 
  3.767500e+00  4.221414  3.872362 0.549432 
  3.770000e+00  4.221414  3.872362 0.549432 
  3.772500e+00  4.221414  3.872362 0.549432 
  3.775000e+00  4.221414  3.872362 0.549432 
  3.777500e+00  4.221414  3.872362 0.549432 
  3.780000e+00  4.221414  3.872362 0.549432 
  3.782500e+00  4.221414  3.872362 0.549432 
  3.785000e+00  4.221414  3.872362 0.549432 
  3.787500e+00  4.221414  3.872362 0.549432 
  3.790000e+00  4.221414  3.872362 0.549432 
  3.792500e+00  4.221414  3.872362 0.549432 
  3.795000e+00  4.221414  3.872362 0.549432 
  3.797500e+00  4.221414  3.872362 0.549432 
  3.800000e+00  4.221414  3.872362 0.549432 
  3.802500e+00  4.221414  3.872362 0.549432 
  3.805000e+00  4.221414  3.872362 0.549432 
  3.807500e+00  4.221414  3.872362 0.549432 
  3.810000e+00  4.221414  3.872362 0.549432 
  3.812500e+00  4.221414  3.872362 0.549432 
  3.815000e+00  4.221414  3.872362 0.549432 
  3.817500e+00  4.221414  3.872362 0.549432 
  3.820000e+00  4.221414  3.872362 0.549432 
  3.822500e+00  4.221414  3.872362 0.549432 
  3.825000e+00  4.221414  3.872362 0.549432 
  3.827500e+00  4.221414  3.872362 0.549432 
  3.830000e+00  4.221414  3.872362 0.549432 
  3.832500e+00  4.221414  3.872362 0.549432 
  3.835000e+00  4.221414  3.872362 0.549432 
  3.837500e+00  4.221414  3.872362 0.549432 
  3.840000e+00  4.221414  3.872362 0.549432 
  3.842500e+00  4.221414  3.872362 0.549432 
  3.845000e+00  4.221414  3.872362 0.549432 
  3.847500e+00  4.221414  3.872362 0.549432 
  3.850000e+00  4.221414  3.872362 0.549432 
  3.852500e+00  4.221414  3.872362 0.549432 
  3.855000e+00  4.221414  3.872362 0.549432 
  3.857500e+00  4.221414  3.872362 0.549432 
  3.860000e+00  4.221414  3.872362 0.549432 
  3.862500e+00  4.221414  3.872362 0.549432 
  3.865000e+00  4.221414  3.872362 0.549432 
  3.867500e+00  4.221414  3.872362 0.549432 
  3.870000e+00  4.221414  3.872362 0.549432 
  3.872500e+00  4.221414  3.872362 0.549432 
  3.875000e+00  4.221414  3.872362 0.549432 
  3.877500e+00  4.221414  3.872362 0.549432 
  3.880000e+00  4.221414  3.872362 0.549432 
  3.882500e+00  4.221414  3.872362 0.549432 
  3.885000e+00  4.221414  3.872362 0.549432 
  3.887500e+00  4.221414  3.872362 0.549432 
  3.890000e+00  4.221414  3.872362 0.549432 
  3.892500e+00  4.221414  3.872362 0.549432 
  3.895000e+00  4.221414  3.872362 0.549432 
  3.897500e+00  4.221414  3.872362 0.549432 
  3.900000e+00  4.221414  3.872362 0.549432 
  3.902500e+00  4.221414  3.872362 0.549432 
  3.905000e+00  4.221414  3.872362 0.549432 
  3.907500e+00  4.221414  3.872362 0.549432 
  3.910000e+00  4.221414  3.872362 0.549432 
  3.912500e+00  4.221414  3.872362 0.549432 
  3.915000e+00  4.221414  3.872362 0.549432 
  3.917500e+00  4.221414  3.872362 0.549432 
  3.920000e+00  4.221414  3.872362 0.549432 
  3.922500e+00  4.221414  3.872362 0.549432 
  3.925000e+00  4.221414  3.872362 0.549432 
  3.927500e+00  4.221414  3.872362 0.549432 
  3.930000e+00  4.221414  3.872362 0.549432 
  3.932500e+00  4.221414  3.872362 0.549432 
  3.935000e+00  4.221414  3.872362 0.549432 
  3.937500e+00  4.221414  3.872362 0.549432 
  3.940000e+00  4.221414  3.872362 0.549432 
  3.942500e+00  4.221414  3.872362 0.549432 
  3.945000e+00  4.221414  3.872362 0.549432 
  3.947500e+00  4.221414  3.872362 0.549432 
  3.950000e+00  4.221414  3.872362 0.549432 
  3.952500e+00  4.221414  3.872362 0.549432 
  3.955000e+00  4.221414  3.872362 0.549432 
  3.957500e+00  4.221414  3.872362 0.549432 
  3.960000e+00  4.221414  3.872362 0.549432 
  3.962500e+00  4.221414  3.872362 0.549432 
  3.965000e+00  4.221414  3.872362 0.549432 
  3.967500e+00  4.221414  3.872362 0.549432 
  3.970000e+00  4.221414  3.872362 0.549432 
  3.972500e+00  4.221414  3.872362 0.549432 
  3.975000e+00  4.221414  3.872362 0.549432 
  3.977500e+00  4.221414  3.872362 0.549432 
  3.980000e+00  4.221414  3.872362 0.549432 
  3.982500e+00  4.221414  3.872362 0.549432 
  3.985000e+00  4.221414  3.872362 0.549432 
  3.987500e+00  4.221414  3.872362 0.549432 
  3.990000e+00  4.221414  3.872362 0.549432 
  3.992500e+00  4.221414  3.872362 0.549432 
  3.995000e+00  4.221414  3.872362 0.549432 
  3.997500e+00  4.221414  3.872362 0.549432 
  4.000000e+00  4.221414  3.872362 0.549432 
