  0.000000e+00  5.08588992 9.26697335 
  2.500000e-03  5.08588992 9.26693391 
  5.000000e-03  5.08588992 9.26706045 
  7.500000e-03  5.08588992 9.26735303 
  1.000000e-02  5.08588992 9.26772768 
  1.250000e-02  5.08588992 9.26704725 
  1.500000e-02  5.08588992 9.26704341 
  1.750000e-02  5.08588992 9.26727982 
  2.000000e-02  5.08588992 9.26760236 
  2.250000e-02  5.08588992 9.26796201 
  2.500000e-02  5.08588992 9.26744458 
  2.750000e-02  5.08588992 9.26757595 
  3.000000e-02  5.08588992 9.26746057 
  3.250000e-02  5.08588992 9.26738278 
  3.500000e-02  5.08588992 9.26734516 
  3.750000e-02  5.08588992 9.26732422 
  4.000000e-02  5.08588992 9.26730472 
  4.250000e-02  5.08588992 9.26727469 
  4.500000e-02  5.08588992 9.26722150 
  4.750000e-02  5.08588992 9.26726360 
  5.000000e-02  5.08588992 9.26731886 
  5.250000e-02  5.08588992 9.26737019 
  5.500000e-02  5.08588992 9.26741764 
  5.750000e-02  5.08588992 9.26746533 
  6.000000e-02  5.08588992 9.26751810 
  6.250000e-02  5.08588992 9.26758128 
  6.500000e-02  5.08588992 9.26766116 
  6.750000e-02  5.08588992 9.26765719 
  7.000000e-02  5.08588992 9.26764370 
  7.250000e-02  5.08588992 9.26763166 
  7.500000e-02  5.08588992 9.26762026 
  7.750000e-02  5.08588992 9.26760653 
  8.000000e-02  5.08588992 9.26758546 
  8.250000e-02  5.08588992 9.26759644 
  8.500000e-02  5.08588992 9.26761148 
  8.750000e-02  5.08588992 9.26762551 
  9.000000e-02  5.08588992 9.26763832 
  9.250000e-02  5.08588992 9.26765062 
  9.500000e-02  5.08588992 9.26766315 
  9.750000e-02  5.08588992 9.26767668 
  1.000000e-01  5.08588992 9.26769208 
  1.025000e-01  5.08588992 9.26769789 
  1.050000e-01  5.08588992 9.26769372 
  1.075000e-01  5.08588992 9.26768891 
  1.100000e-01  5.08588992 9.26768339 
  1.125000e-01  5.08588992 9.26767549 
  1.150000e-01  5.08588992 9.26767334 
  1.175000e-01  5.08588992 9.26768031 
  1.200000e-01  5.08588992 9.26768866 
  1.225000e-01  5.08588992 9.26769669 
  1.250000e-01  5.08588992 9.26770430 
  1.275000e-01  5.08588992 9.26771165 
  1.300000e-01  5.08588992 9.26771898 
  1.325000e-01  5.08588992 9.26772655 
  1.350000e-01  5.08588992 9.26773435 
  1.375000e-01  5.08588992 9.26774299 
  1.400000e-01  5.08588992 9.26774599 
  1.425000e-01  5.08588992 9.26774709 
  1.450000e-01  5.08588992 9.26774755 
  1.475000e-01  5.08588992 9.26774779 
  1.500000e-01  5.08588992 9.26774795 
  1.525000e-01  5.08588992 9.26775062 
  1.550000e-01  5.08588992 9.26775349 
  1.575000e-01  5.08588992 9.26775619 
  1.600000e-01  5.08588992 9.26775873 
  1.625000e-01  5.08588992 9.26776119 
  1.650000e-01  5.08588992 9.26776364 
  1.675000e-01  5.08588992 9.26776610 
  1.700000e-01  5.08588992 9.26776860 
  1.725000e-01  5.08588992 9.26776949 
  1.750000e-01  5.08588992 9.26776984 
  1.775000e-01  5.08588992 9.26777001 
  1.800000e-01  5.08588992 9.26777012 
  1.825000e-01  5.08588992 9.26777020 
  1.850000e-01  5.08588992 9.26777027 
  1.875000e-01  5.08588992 9.26777033 
  1.900000e-01  5.08588992 9.26777039 
  1.925000e-01  5.08588992 9.26777044 
  1.950000e-01  5.08588992 9.26777049 
  1.975000e-01  5.08588992 9.26777054 
  2.000000e-01  5.08588992 9.26777058 
  2.025000e-01  5.08588992 9.26777063 
  2.050000e-01  5.08588992 9.26777067 
  2.075000e-01  5.08588992 9.26777072 
  2.100000e-01  5.08588992 9.26777076 
  2.125000e-01  5.08588992 9.26777081 
  2.150000e-01  5.08588992 9.26777085 
  2.175000e-01  5.08588992 9.26777090 
  2.200000e-01  5.08588992 9.26777094 
  2.225000e-01  5.08588992 9.26777099 
  2.250000e-01  5.08588992 9.26777103 
  2.275000e-01  5.08588992 9.26777108 
  2.300000e-01  5.08588992 9.26777112 
  2.325000e-01  5.08588992 9.26777116 
  2.350000e-01  5.08588992 9.26777121 
  2.375000e-01  5.08588992 9.26777125 
  2.400000e-01  5.08588992 9.26777130 
  2.425000e-01  5.08588992 9.26777134 
  2.450000e-01  5.08588992 9.26777139 
  2.475000e-01  5.08588992 9.26777143 
  2.500000e-01  5.08588992 9.26777147 
  2.525000e-01  5.08588992 9.26777152 
  2.550000e-01  5.08588992 9.26777156 
  2.575000e-01  5.08588992 9.26777161 
  2.600000e-01  5.08588992 9.26777165 
  2.625000e-01  5.08588992 9.26777169 
  2.650000e-01  5.08588992 9.26777174 
  2.675000e-01  5.08588992 9.26777178 
  2.700000e-01  5.08588992 9.26777182 
  2.725000e-01  5.08588992 9.26777187 
  2.750000e-01  5.08588992 9.26777191 
  2.775000e-01  5.08588992 9.26777195 
  2.800000e-01  5.08588992 9.26777199 
  2.825000e-01  5.08588992 9.26777203 
  2.850000e-01  5.08588992 9.26777207 
  2.875000e-01  5.08588992 9.26777211 
  2.900000e-01  5.08588992 9.26777215 
  2.925000e-01  5.08588992 9.26777219 
  2.950000e-01  5.08588992 9.26777223 
  2.975000e-01  5.08588992 9.26777227 
  3.000000e-01  5.08588992 9.26777231 
  3.025000e-01  5.08588992 9.26777235 
  3.050000e-01  5.08588992 9.26777239 
  3.075000e-01  5.08588992 9.26777242 
  3.100000e-01  5.08588992 9.26777246 
  3.125000e-01  5.08588992 9.26777250 
  3.150000e-01  5.08588992 9.26777253 
  3.175000e-01  5.08588992 9.26777257 
  3.200000e-01  5.08588992 9.26777260 
  3.225000e-01  5.08588992 9.26777263 
  3.250000e-01  5.08588992 9.26777267 
  3.275000e-01  5.08588992 9.26777270 
  3.300000e-01  5.08588992 9.26777273 
  3.325000e-01  5.08588992 9.26777276 
  3.350000e-01  5.08588992 9.26777279 
  3.375000e-01  5.08588992 9.26777282 
  3.400000e-01  5.08588992 9.26777285 
  3.425000e-01  5.08588992 9.26777287 
  3.450000e-01  5.08588992 9.26777290 
  3.475000e-01  5.08588992 9.26777292 
  3.500000e-01  5.08588992 9.26777295 
  3.525000e-01  5.08588992 9.26777297 
  3.550000e-01  5.08588992 9.26777299 
  3.575000e-01  5.08588992 9.26777301 
  3.600000e-01  5.08588992 9.26777304 
  3.625000e-01  5.08588992 9.26777306 
  3.650000e-01  5.08588992 9.26777307 
  3.675000e-01  5.08588992 9.26777309 
  3.700000e-01  5.08588992 9.26777311 
  3.725000e-01  5.08588992 9.26777313 
  3.750000e-01  5.08588992 9.26777314 
  3.775000e-01  5.08588992 9.26777316 
  3.800000e-01  5.08588992 9.26777317 
  3.825000e-01  5.08588992 9.26777318 
  3.850000e-01  5.08588992 9.26777320 
  3.875000e-01  5.08588992 9.26777321 
  3.900000e-01  5.08588992 9.26777322 
  3.925000e-01  5.08588992 9.26777323 
  3.950000e-01  5.08588992 9.26777324 
  3.975000e-01  5.08588992 9.26777325 
  4.000000e-01  5.08588992 9.26777326 
  4.025000e-01  5.08588992 9.26777327 
  4.050000e-01  5.08588992 9.26777328 
  4.075000e-01  5.08588992 9.26777329 
  4.100000e-01  5.08588992 9.26777330 
  4.125000e-01  5.08588992 9.26777330 
  4.150000e-01  5.08588992 9.26777331 
  4.175000e-01  5.08588992 9.26777332 
  4.200000e-01  5.08588992 9.26777333 
  4.225000e-01  5.08588992 9.26777333 
  4.250000e-01  5.08588992 9.26777334 
  4.275000e-01  5.08588992 9.26777335 
  4.300000e-01  5.08588992 9.26777335 
  4.325000e-01  5.08588992 9.26777336 
  4.350000e-01  5.08588992 9.26777337 
  4.375000e-01  5.08588992 9.26777337 
  4.400000e-01  5.08588992 9.26777338 
  4.425000e-01  5.08588992 9.26777339 
  4.450000e-01  5.08588992 9.26777339 
  4.475000e-01  5.08588992 9.26777340 
  4.500000e-01  5.08588992 9.26777340 
  4.525000e-01  5.08588992 9.26777341 
  4.550000e-01  5.08588992 9.26777342 
  4.575000e-01  5.08588992 9.26777342 
  4.600000e-01  5.08588992 9.26777343 
  4.625000e-01  5.08588992 9.26777344 
  4.650000e-01  5.08588992 9.26777344 
  4.675000e-01  5.08588992 9.26777345 
  4.700000e-01  5.08588992 9.26777346 
  4.725000e-01  5.08588992 9.26777347 
  4.750000e-01  5.08588992 9.26777347 
  4.775000e-01  5.08588992 9.26777348 
  4.800000e-01  5.08588992 9.26777349 
  4.825000e-01  5.08588992 9.26777350 
  4.850000e-01  5.08588992 9.26777350 
  4.875000e-01  5.08588992 9.26777351 
  4.900000e-01  5.08588992 9.26777352 
  4.925000e-01  5.08588992 9.26777353 
  4.950000e-01  5.08588992 9.26777354 
  4.975000e-01  5.08588992 9.26777355 
  5.000000e-01  5.08588992 9.26777355 
  5.025000e-01  5.08588992 9.26777356 
  5.050000e-01  5.08588992 9.26777357 
  5.075000e-01  5.08588992 9.26777358 
  5.100000e-01  5.08588992 9.26777359 
  5.125000e-01  5.08588992 9.26777360 
  5.150000e-01  5.08588992 9.26777361 
  5.175000e-01  5.08588992 9.26777362 
  5.200000e-01  5.08588992 9.26777363 
  5.225000e-01  5.08588992 9.26777363 
  5.250000e-01  5.08588992 9.26777364 
  5.275000e-01  5.08588992 9.26777365 
  5.300000e-01  5.08588992 9.26777366 
  5.325000e-01  5.08588992 9.26777367 
  5.350000e-01  5.08588992 9.26777368 
  5.375000e-01  5.08588992 9.26777369 
  5.400000e-01  5.08588992 9.26777370 
  5.425000e-01  5.08588992 9.26777371 
  5.450000e-01  5.08588992 9.26777372 
  5.475000e-01  5.08588992 9.26777372 
  5.500000e-01  5.08588992 9.26777373 
  5.525000e-01  5.08588992 9.26777374 
  5.550000e-01  5.08588992 9.26777375 
  5.575000e-01  5.08588992 9.26777376 
  5.600000e-01  5.08588992 9.26777377 
  5.625000e-01  5.08588992 9.26777377 
  5.650000e-01  5.08588992 9.26777378 
  5.675000e-01  5.08588992 9.26777379 
  5.700000e-01  5.08588992 9.26777380 
  5.725000e-01  5.08588992 9.26777381 
  5.750000e-01  5.08588992 9.26777381 
  5.775000e-01  5.08588992 9.26777382 
  5.800000e-01  5.08588992 9.26777383 
  5.825000e-01  5.08588992 9.26777384 
  5.850000e-01  5.08588992 9.26777384 
  5.875000e-01  5.08588992 9.26777385 
  5.900000e-01  5.08588992 9.26777386 
  5.925000e-01  5.08588992 9.26777386 
  5.950000e-01  5.08588992 9.26777387 
  5.975000e-01  5.08588992 9.26777388 
  6.000000e-01  5.08588992 9.26777388 
  6.025000e-01  5.08588992 9.26777389 
  6.050000e-01  5.08588992 9.26777389 
  6.075000e-01  5.08588992 9.26777390 
  6.100000e-01  5.08588992 9.26777391 
  6.125000e-01  5.08588992 9.26777391 
  6.150000e-01  5.08588992 9.26777392 
  6.175000e-01  5.08588992 9.26777392 
  6.200000e-01  5.08588992 9.26777393 
  6.225000e-01  5.08588992 9.26777393 
  6.250000e-01  5.08588992 9.26777394 
  6.275000e-01  5.08588992 9.26777394 
  6.300000e-01  5.08588992 9.26777394 
  6.325000e-01  5.08588992 9.26777395 
  6.350000e-01  5.08588992 9.26777395 
  6.375000e-01  5.08588992 9.26777396 
  6.400000e-01  5.08588992 9.26777396 
  6.425000e-01  5.08588992 9.26777396 
  6.450000e-01  5.08588992 9.26777397 
  6.475000e-01  5.08588992 9.26777397 
  6.500000e-01  5.08588992 9.26777397 
  6.525000e-01  5.08588992 9.26777397 
  6.550000e-01  5.08588992 9.26777398 
  6.575000e-01  5.08588992 9.26777398 
  6.600000e-01  5.08588992 9.26777398 
  6.625000e-01  5.08588992 9.26777398 
  6.650000e-01  5.08588992 9.26777399 
  6.675000e-01  5.08588992 9.26777399 
  6.700000e-01  5.08588992 9.26777399 
  6.725000e-01  5.08588992 9.26777399 
  6.750000e-01  5.08588992 9.26777399 
  6.775000e-01  5.08588992 9.26777400 
  6.800000e-01  5.08588992 9.26777400 
  6.825000e-01  5.08588992 9.26777400 
  6.850000e-01  5.08588992 9.26777400 
  6.875000e-01  5.08588992 9.26777400 
  6.900000e-01  5.08588992 9.26777400 
  6.925000e-01  5.08588992 9.26777400 
  6.950000e-01  5.08588992 9.26777400 
  6.975000e-01  5.08588992 9.26777400 
  7.000000e-01  5.08588992 9.26777401 
  7.025000e-01  5.08588992 9.26777401 
  7.050000e-01  5.08588992 9.26777401 
  7.075000e-01  5.08588992 9.26777401 
  7.100000e-01  5.08588992 9.26777401 
  7.125000e-01  5.08588992 9.26777401 
  7.150000e-01  5.08588992 9.26777401 
  7.175000e-01  5.08588992 9.26777401 
  7.200000e-01  5.08588992 9.26777401 
  7.225000e-01  5.08588992 9.26777401 
  7.250000e-01  5.08588992 9.26777401 
  7.275000e-01  5.08588992 9.26777401 
  7.300000e-01  5.08588992 9.26777401 
  7.325000e-01  5.08588992 9.26777401 
  7.350000e-01  5.08588992 9.26777401 
  7.375000e-01  5.08588992 9.26777401 
  7.400000e-01  5.08588992 9.26777401 
  7.425000e-01  5.08588992 9.26777401 
  7.450000e-01  5.08588992 9.26777401 
  7.475000e-01  5.08588992 9.26777401 
  7.500000e-01  5.08588992 9.26777401 
  7.525000e-01  5.08588992 9.26777401 
  7.550000e-01  5.08588992 9.26777401 
  7.575000e-01  5.08588992 9.26777401 
  7.600000e-01  5.08588992 9.26777401 
  7.625000e-01  5.08588992 9.26777400 
  7.650000e-01  5.08588992 9.26777400 
  7.675000e-01  5.08588992 9.26777400 
  7.700000e-01  5.08588992 9.26777400 
  7.725000e-01  5.08588992 9.26777400 
  7.750000e-01  5.08588992 9.26777400 
  7.775000e-01  5.08588992 9.26777400 
  7.800000e-01  5.08588992 9.26777400 
  7.825000e-01  5.08588992 9.26777400 
  7.850000e-01  5.08588992 9.26777400 
  7.875000e-01  5.08588992 9.26777400 
  7.900000e-01  5.08588992 9.26777400 
  7.925000e-01  5.08588992 9.26777400 
  7.950000e-01  5.08588992 9.26777400 
  7.975000e-01  5.08588992 9.26777400 
  8.000000e-01  5.08588992 9.26777400 
  8.025000e-01  5.08588992 9.26777399 
  8.050000e-01  5.08588992 9.26777399 
  8.075000e-01  5.08588992 9.26777399 
  8.100000e-01  5.08588992 9.26777399 
  8.125000e-01  5.08588992 9.26777399 
  8.150000e-01  5.08588992 9.26777399 
  8.175000e-01  5.08588992 9.26777399 
  8.200000e-01  5.08588992 9.26777399 
  8.225000e-01  5.08588992 9.26777399 
  8.250000e-01  5.08588992 9.26777399 
  8.275000e-01  5.08588992 9.26777399 
  8.300000e-01  5.08588992 9.26777399 
  8.325000e-01  5.08588992 9.26777399 
  8.350000e-01  5.08588992 9.26777399 
  8.375000e-01  5.08588992 9.26777398 
  8.400000e-01  5.08588992 9.26777398 
  8.425000e-01  5.08588992 9.26777398 
  8.450000e-01  5.08588992 9.26777398 
  8.475000e-01  5.08588992 9.26777398 
  8.500000e-01  5.08588992 9.26777398 
  8.525000e-01  5.08588992 9.26777398 
  8.550000e-01  5.08588992 9.26777398 
  8.575000e-01  5.08588992 9.26777398 
  8.600000e-01  5.08588992 9.26777398 
  8.625000e-01  5.08588992 9.26777398 
  8.650000e-01  5.08588992 9.26777398 
  8.675000e-01  5.08588992 9.26777398 
  8.700000e-01  5.08588992 9.26777398 
  8.725000e-01  5.08588992 9.26777398 
  8.750000e-01  5.08588992 9.26777397 
  8.775000e-01  5.08588992 9.26777397 
  8.800000e-01  5.08588992 9.26777397 
  8.825000e-01  5.08588992 9.26777397 
  8.850000e-01  5.08588992 9.26777397 
  8.875000e-01  5.08588992 9.26777397 
  8.900000e-01  5.08588992 9.26777397 
  8.925000e-01  5.08588992 9.26777397 
  8.950000e-01  5.08588992 9.26777397 
  8.975000e-01  5.08588992 9.26777397 
  9.000000e-01  5.08588992 9.26777397 
  9.025000e-01  5.08588992 9.26777397 
  9.050000e-01  5.08588992 9.26777397 
  9.075000e-01  5.08588992 9.26777397 
  9.100000e-01  5.08588992 9.26777397 
  9.125000e-01  5.08588992 9.26777397 
  9.150000e-01  5.08588992 9.26777396 
  9.175000e-01  5.08588992 9.26777396 
  9.200000e-01  5.08588992 9.26777396 
  9.225000e-01  5.08588992 9.26777396 
  9.250000e-01  5.08588992 9.26777396 
  9.275000e-01  5.08588992 9.26777396 
  9.300000e-01  5.08588992 9.26777396 
  9.325000e-01  5.08588992 9.26777396 
  9.350000e-01  5.08588992 9.26777396 
  9.375000e-01  5.08588992 9.26777396 
  9.400000e-01  5.08588992 9.26777396 
  9.425000e-01  5.08588992 9.26777396 
  9.450000e-01  5.08588992 9.26777396 
  9.475000e-01  5.08588992 9.26777396 
  9.500000e-01  5.08588992 9.26777396 
  9.525000e-01  5.08588992 9.26777396 
  9.550000e-01  5.08588992 9.26777396 
  9.575000e-01  5.08588992 9.26777396 
  9.600000e-01  5.08588992 9.26777396 
  9.625000e-01  5.08588992 9.26777396 
  9.650000e-01  5.08588992 9.26777396 
  9.675000e-01  5.08588992 9.26777396 
  9.700000e-01  5.08588992 9.26777396 
  9.725000e-01  5.08588992 9.26777395 
  9.750000e-01  5.08588992 9.26777395 
  9.775000e-01  5.08588992 9.26777395 
  9.800000e-01  5.08588992 9.26777395 
  9.825000e-01  5.08588992 9.26777395 
  9.850000e-01  5.08588992 9.26777395 
  9.875000e-01  5.08588992 9.26777395 
  9.900000e-01  5.08588992 9.26777395 
  9.925000e-01  5.08588992 9.26777395 
  9.950000e-01  5.08588992 9.26777395 
  9.975000e-01  5.08588992 9.26777395 
  1.000000e+00  5.08588992 9.26777395 
  1.002500e+00  5.08588992 9.26777395 
  1.005000e+00  5.08588992 9.26777395 
  1.007500e+00  5.08588992 9.26777395 
  1.010000e+00  5.08588992 9.26777395 
  1.012500e+00  5.08588992 9.26777395 
  1.015000e+00  5.08588992 9.26777395 
  1.017500e+00  5.08588992 9.26777395 
  1.020000e+00  5.08588992 9.26777395 
  1.022500e+00  5.08588992 9.26777395 
  1.025000e+00  5.08588992 9.26777395 
  1.027500e+00  5.08588992 9.26777395 
  1.030000e+00  5.08588992 9.26777395 
  1.032500e+00  5.08588992 9.26777395 
  1.035000e+00  5.08588992 9.26777395 
  1.037500e+00  5.08588992 9.26777395 
  1.040000e+00  5.08588992 9.26777395 
  1.042500e+00  5.08588992 9.26777395 
  1.045000e+00  5.08588992 9.26777395 
  1.047500e+00  5.08588992 9.26777395 
  1.050000e+00  5.08588992 9.26777395 
  1.052500e+00  5.08588992 9.26777395 
  1.055000e+00  5.08588992 9.26777395 
  1.057500e+00  5.08588992 9.26777395 
  1.060000e+00  5.08588992 9.26777395 
  1.062500e+00  5.08588992 9.26777395 
  1.065000e+00  5.08588992 9.26777395 
  1.067500e+00  5.08588992 9.26777395 
  1.070000e+00  5.08588992 9.26777394 
  1.072500e+00  5.08588992 9.26777394 
  1.075000e+00  5.08588992 9.26777394 
  1.077500e+00  5.08588992 9.26777394 
  1.080000e+00  5.08588992 9.26777394 
  1.082500e+00  5.08588992 9.26777394 
  1.085000e+00  5.08588992 9.26777394 
  1.087500e+00  5.08588992 9.26777394 
  1.090000e+00  5.08588992 9.26777394 
  1.092500e+00  5.08588992 9.26777394 
  1.095000e+00  5.08588992 9.26777394 
  1.097500e+00  5.08588992 9.26777394 
  1.100000e+00  5.08588992 9.26777394 
  1.102500e+00  5.08588992 9.26777394 
  1.105000e+00  5.08588992 9.26777394 
  1.107500e+00  5.08588992 9.26777394 
  1.110000e+00  5.08588992 9.26777394 
  1.112500e+00  5.08588992 9.26777394 
  1.115000e+00  5.08588992 9.26777394 
  1.117500e+00  5.08588992 9.26777394 
  1.120000e+00  5.08588992 9.26777394 
  1.122500e+00  5.08588992 9.26777394 
  1.125000e+00  5.08588992 9.26777394 
  1.127500e+00  5.08588992 9.26777394 
  1.130000e+00  5.08588992 9.26777394 
  1.132500e+00  5.08588992 9.26777394 
  1.135000e+00  5.08588992 9.26777394 
  1.137500e+00  5.08588992 9.26777394 
  1.140000e+00  5.08588992 9.26777394 
  1.142500e+00  5.08588992 9.26777394 
  1.145000e+00  5.08588992 9.26777394 
  1.147500e+00  5.08588992 9.26777394 
  1.150000e+00  5.08588992 9.26777394 
  1.152500e+00  5.08588992 9.26777394 
  1.155000e+00  5.08588992 9.26777394 
  1.157500e+00  5.08588992 9.26777394 
  1.160000e+00  5.08588992 9.26777394 
  1.162500e+00  5.08588992 9.26777394 
  1.165000e+00  5.08588992 9.26777394 
  1.167500e+00  5.08588992 9.26777394 
  1.170000e+00  5.08588992 9.26777394 
  1.172500e+00  5.08588992 9.26777394 
  1.175000e+00  5.08588992 9.26777394 
  1.177500e+00  5.08588992 9.26777394 
  1.180000e+00  5.08588992 9.26777394 
  1.182500e+00  5.08588992 9.26777394 
  1.185000e+00  5.08588992 9.26777394 
  1.187500e+00  5.08588992 9.26777394 
  1.190000e+00  5.08588992 9.26777394 
  1.192500e+00  5.08588992 9.26777394 
  1.195000e+00  5.08588992 9.26777394 
  1.197500e+00  5.08588992 9.26777394 
  1.200000e+00  5.08588992 9.26777394 
  1.202500e+00  5.08588992 9.26777394 
  1.205000e+00  5.08588992 9.26777394 
  1.207500e+00  5.08588992 9.26777394 
  1.210000e+00  5.08588992 9.26777394 
  1.212500e+00  5.08588992 9.26777394 
  1.215000e+00  5.08588992 9.26777394 
  1.217500e+00  5.08588992 9.26777394 
  1.220000e+00  5.08588992 9.26777394 
  1.222500e+00  5.08588992 9.26777394 
  1.225000e+00  5.08588992 9.26777394 
  1.227500e+00  5.08588992 9.26777394 
  1.230000e+00  5.08588992 9.26777394 
  1.232500e+00  5.08588992 9.26777394 
  1.235000e+00  5.08588992 9.26777394 
  1.237500e+00  5.08588992 9.26777394 
  1.240000e+00  5.08588992 9.26777394 
  1.242500e+00  5.08588992 9.26777394 
  1.245000e+00  5.08588992 9.26777394 
  1.247500e+00  5.08588992 9.26777394 
  1.250000e+00  5.08588992 9.26777394 
  1.252500e+00  5.08588992 9.26777394 
  1.255000e+00  5.08588992 9.26777394 
  1.257500e+00  5.08588992 9.26777394 
  1.260000e+00  5.08588992 9.26777394 
  1.262500e+00  5.08588992 9.26777394 
  1.265000e+00  5.08588992 9.26777394 
  1.267500e+00  5.08588992 9.26777394 
  1.270000e+00  5.08588992 9.26777394 
  1.272500e+00  5.08588992 9.26777394 
  1.275000e+00  5.08588992 9.26777394 
  1.277500e+00  5.08588992 9.26777394 
  1.280000e+00  5.08588992 9.26777394 
  1.282500e+00  5.08588992 9.26777394 
  1.285000e+00  5.08588992 9.26777394 
  1.287500e+00  5.08588992 9.26777394 
  1.290000e+00  5.08588992 9.26777394 
  1.292500e+00  5.08588992 9.26777394 
  1.295000e+00  5.08588992 9.26777394 
  1.297500e+00  5.08588992 9.26777394 
  1.300000e+00  5.08588992 9.26777394 
  1.302500e+00  5.08588992 9.26777394 
  1.305000e+00  5.08588992 9.26777394 
  1.307500e+00  5.08588992 9.26777394 
  1.310000e+00  5.08588992 9.26777394 
  1.312500e+00  5.08588992 9.26777394 
  1.315000e+00  5.08588992 9.26777394 
  1.317500e+00  5.08588992 9.26777394 
  1.320000e+00  5.08588992 9.26777394 
  1.322500e+00  5.08588992 9.26777394 
  1.325000e+00  5.08588992 9.26777394 
  1.327500e+00  5.08588992 9.26777394 
  1.330000e+00  5.08588992 9.26777394 
  1.332500e+00  5.08588992 9.26777394 
  1.335000e+00  5.08588992 9.26777394 
  1.337500e+00  5.08588992 9.26777394 
  1.340000e+00  5.08588992 9.26777394 
  1.342500e+00  5.08588992 9.26777394 
  1.345000e+00  5.08588992 9.26777394 
  1.347500e+00  5.08588992 9.26777394 
  1.350000e+00  5.08588992 9.26777394 
  1.352500e+00  5.08588992 9.26777394 
  1.355000e+00  5.08588992 9.26777394 
  1.357500e+00  5.08588992 9.26777394 
  1.360000e+00  5.08588992 9.26777394 
  1.362500e+00  5.08588992 9.26777394 
  1.365000e+00  5.08588992 9.26777394 
  1.367500e+00  5.08588992 9.26777394 
  1.370000e+00  5.08588992 9.26777394 
  1.372500e+00  5.08588992 9.26777394 
  1.375000e+00  5.08588992 9.26777394 
  1.377500e+00  5.08588992 9.26777394 
  1.380000e+00  5.08588992 9.26777394 
  1.382500e+00  5.08588992 9.26777394 
  1.385000e+00  5.08588992 9.26777394 
  1.387500e+00  5.08588992 9.26777394 
  1.390000e+00  5.08588992 9.26777394 
  1.392500e+00  5.08588992 9.26777394 
  1.395000e+00  5.08588992 9.26777394 
  1.397500e+00  5.08588992 9.26777394 
  1.400000e+00  5.08588992 9.26777394 
  1.402500e+00  5.08588992 9.26777394 
  1.405000e+00  5.08588992 9.26777394 
  1.407500e+00  5.08588992 9.26777394 
  1.410000e+00  5.08588992 9.26777394 
  1.412500e+00  5.08588992 9.26777394 
  1.415000e+00  5.08588992 9.26777394 
  1.417500e+00  5.08588992 9.26777394 
  1.420000e+00  5.08588992 9.26777394 
  1.422500e+00  5.08588992 9.26777394 
  1.425000e+00  5.08588992 9.26777394 
  1.427500e+00  5.08588992 9.26777394 
  1.430000e+00  5.08588992 9.26777394 
  1.432500e+00  5.08588992 9.26777394 
  1.435000e+00  5.08588992 9.26777394 
  1.437500e+00  5.08588992 9.26777394 
  1.440000e+00  5.08588992 9.26777394 
  1.442500e+00  5.08588992 9.26777394 
  1.445000e+00  5.08588992 9.26777394 
  1.447500e+00  5.08588992 9.26777394 
  1.450000e+00  5.08588992 9.26777394 
  1.452500e+00  5.08588992 9.26777394 
  1.455000e+00  5.08588992 9.26777394 
  1.457500e+00  5.08588992 9.26777394 
  1.460000e+00  5.08588992 9.26777394 
  1.462500e+00  5.08588992 9.26777394 
  1.465000e+00  5.08588992 9.26777394 
  1.467500e+00  5.08588992 9.26777394 
  1.470000e+00  5.08588992 9.26777394 
  1.472500e+00  5.08588992 9.26777394 
  1.475000e+00  5.08588992 9.26777394 
  1.477500e+00  5.08588992 9.26777394 
  1.480000e+00  5.08588992 9.26777394 
  1.482500e+00  5.08588992 9.26777394 
  1.485000e+00  5.08588992 9.26777394 
  1.487500e+00  5.08588992 9.26777394 
  1.490000e+00  5.08588992 9.26777394 
  1.492500e+00  5.08588992 9.26777394 
  1.495000e+00  5.08588992 9.26777394 
  1.497500e+00  5.08588992 9.26777394 
  1.500000e+00  5.08588992 9.26777394 
  1.502500e+00  5.08588992 9.26777394 
  1.505000e+00  5.08588992 9.26777394 
  1.507500e+00  5.08588992 9.26777394 
  1.510000e+00  5.08588992 9.26777394 
  1.512500e+00  5.08588992 9.26777394 
  1.515000e+00  5.08588992 9.26777394 
  1.517500e+00  5.08588992 9.26777394 
  1.520000e+00  5.08588992 9.26777394 
  1.522500e+00  5.08588992 9.26777394 
  1.525000e+00  5.08588992 9.26777394 
  1.527500e+00  5.08588992 9.26777394 
  1.530000e+00  5.08588992 9.26777394 
  1.532500e+00  5.08588992 9.26777394 
  1.535000e+00  5.08588992 9.26777394 
  1.537500e+00  5.08588992 9.26777394 
  1.540000e+00  5.08588992 9.26777394 
  1.542500e+00  5.08588992 9.26777394 
  1.545000e+00  5.08588992 9.26777394 
  1.547500e+00  5.08588992 9.26777394 
  1.550000e+00  5.08588992 9.26777394 
  1.552500e+00  5.08588992 9.26777394 
  1.555000e+00  5.08588992 9.26777394 
  1.557500e+00  5.08588992 9.26777394 
  1.560000e+00  5.08588992 9.26777394 
  1.562500e+00  5.08588992 9.26777394 
  1.565000e+00  5.08588992 9.26777394 
  1.567500e+00  5.08588992 9.26777394 
  1.570000e+00  5.08588992 9.26777394 
  1.572500e+00  5.08588992 9.26777394 
  1.575000e+00  5.08588992 9.26777394 
  1.577500e+00  5.08588992 9.26777394 
  1.580000e+00  5.08588992 9.26777394 
  1.582500e+00  5.08588992 9.26777394 
  1.585000e+00  5.08588992 9.26777394 
  1.587500e+00  5.08588992 9.26777394 
  1.590000e+00  5.08588992 9.26777394 
  1.592500e+00  5.08588992 9.26777394 
  1.595000e+00  5.08588992 9.26777394 
  1.597500e+00  5.08588992 9.26777394 
  1.600000e+00  5.08588992 9.26777394 
  1.602500e+00  5.08588992 9.26777394 
  1.605000e+00  5.08588992 9.26777394 
  1.607500e+00  5.08588992 9.26777394 
  1.610000e+00  5.08588992 9.26777394 
  1.612500e+00  5.08588992 9.26777394 
  1.615000e+00  5.08588992 9.26777394 
  1.617500e+00  5.08588992 9.26777394 
  1.620000e+00  5.08588992 9.26777394 
  1.622500e+00  5.08588992 9.26777394 
  1.625000e+00  5.08588992 9.26777394 
  1.627500e+00  5.08588992 9.26777394 
  1.630000e+00  5.08588992 9.26777394 
  1.632500e+00  5.08588992 9.26777394 
  1.635000e+00  5.08588992 9.26777394 
  1.637500e+00  5.08588992 9.26777394 
  1.640000e+00  5.08588992 9.26777394 
  1.642500e+00  5.08588992 9.26777394 
  1.645000e+00  5.08588992 9.26777394 
  1.647500e+00  5.08588992 9.26777394 
  1.650000e+00  5.08588992 9.26777394 
  1.652500e+00  5.08588992 9.26777394 
  1.655000e+00  5.08588992 9.26777394 
  1.657500e+00  5.08588992 9.26777394 
  1.660000e+00  5.08588992 9.26777394 
  1.662500e+00  5.08588992 9.26777394 
  1.665000e+00  5.08588992 9.26777394 
  1.667500e+00  5.08588992 9.26777394 
  1.670000e+00  5.08588992 9.26777394 
  1.672500e+00  5.08588992 9.26777394 
  1.675000e+00  5.08588992 9.26777394 
  1.677500e+00  5.08588992 9.26777394 
  1.680000e+00  5.08588992 9.26777394 
  1.682500e+00  5.08588992 9.26777394 
  1.685000e+00  5.08588992 9.26777394 
  1.687500e+00  5.08588992 9.26777394 
  1.690000e+00  5.08588992 9.26777394 
  1.692500e+00  5.08588992 9.26777394 
  1.695000e+00  5.08588992 9.26777394 
  1.697500e+00  5.08588992 9.26777394 
  1.700000e+00  5.08588992 9.26777394 
  1.702500e+00  5.08588992 9.26777394 
  1.705000e+00  5.08588992 9.26777394 
  1.707500e+00  5.08588992 9.26777394 
  1.710000e+00  5.08588992 9.26777394 
  1.712500e+00  5.08588992 9.26777394 
  1.715000e+00  5.08588992 9.26777394 
  1.717500e+00  5.08588992 9.26777394 
  1.720000e+00  5.08588992 9.26777394 
  1.722500e+00  5.08588992 9.26777394 
  1.725000e+00  5.08588992 9.26777394 
  1.727500e+00  5.08588992 9.26777394 
  1.730000e+00  5.08588992 9.26777394 
  1.732500e+00  5.08588992 9.26777394 
  1.735000e+00  5.08588992 9.26777394 
  1.737500e+00  5.08588992 9.26777394 
  1.740000e+00  5.08588992 9.26777394 
  1.742500e+00  5.08588992 9.26777394 
  1.745000e+00  5.08588992 9.26777394 
  1.747500e+00  5.08588992 9.26777394 
  1.750000e+00  5.08588992 9.26777394 
  1.752500e+00  5.08588992 9.26777394 
  1.755000e+00  5.08588992 9.26777394 
  1.757500e+00  5.08588992 9.26777394 
  1.760000e+00  5.08588992 9.26777394 
  1.762500e+00  5.08588992 9.26777394 
  1.765000e+00  5.08588992 9.26777394 
  1.767500e+00  5.08588992 9.26777394 
  1.770000e+00  5.08588992 9.26777394 
  1.772500e+00  5.08588992 9.26777394 
  1.775000e+00  5.08588992 9.26777394 
  1.777500e+00  5.08588992 9.26777394 
  1.780000e+00  5.08588992 9.26777394 
  1.782500e+00  5.08588992 9.26777394 
  1.785000e+00  5.08588992 9.26777394 
  1.787500e+00  5.08588992 9.26777394 
  1.790000e+00  5.08588992 9.26777394 
  1.792500e+00  5.08588992 9.26777394 
  1.795000e+00  5.08588992 9.26777394 
  1.797500e+00  5.08588992 9.26777394 
  1.800000e+00  5.08588992 9.26777394 
  1.802500e+00  5.08588992 9.26777394 
  1.805000e+00  5.08588992 9.26777394 
  1.807500e+00  5.08588992 9.26777394 
  1.810000e+00  5.08588992 9.26777394 
  1.812500e+00  5.08588992 9.26777394 
  1.815000e+00  5.08588992 9.26777394 
  1.817500e+00  5.08588992 9.26777394 
  1.820000e+00  5.08588992 9.26777394 
  1.822500e+00  5.08588992 9.26777394 
  1.825000e+00  5.08588992 9.26777394 
  1.827500e+00  5.08588992 9.26777394 
  1.830000e+00  5.08588992 9.26777394 
  1.832500e+00  5.08588992 9.26777394 
  1.835000e+00  5.08588992 9.26777394 
  1.837500e+00  5.08588992 9.26777394 
  1.840000e+00  5.08588992 9.26777394 
  1.842500e+00  5.08588992 9.26777394 
  1.845000e+00  5.08588992 9.26777394 
  1.847500e+00  5.08588992 9.26777394 
  1.850000e+00  5.08588992 9.26777394 
  1.852500e+00  5.08588992 9.26777394 
  1.855000e+00  5.08588992 9.26777394 
  1.857500e+00  5.08588992 9.26777394 
  1.860000e+00  5.08588992 9.26777394 
  1.862500e+00  5.08588992 9.26777394 
  1.865000e+00  5.08588992 9.26777394 
  1.867500e+00  5.08588992 9.26777394 
  1.870000e+00  5.08588992 9.26777394 
  1.872500e+00  5.08588992 9.26777394 
  1.875000e+00  5.08588992 9.26777394 
  1.877500e+00  5.08588992 9.26777394 
  1.880000e+00  5.08588992 9.26777394 
  1.882500e+00  5.08588992 9.26777394 
  1.885000e+00  5.08588992 9.26777394 
  1.887500e+00  5.08588992 9.26777394 
  1.890000e+00  5.08588992 9.26777394 
  1.892500e+00  5.08588992 9.26777394 
  1.895000e+00  5.08588992 9.26777394 
  1.897500e+00  5.08588992 9.26777394 
  1.900000e+00  5.08588992 9.26777394 
  1.902500e+00  5.08588992 9.26777394 
  1.905000e+00  5.08588992 9.26777394 
  1.907500e+00  5.08588992 9.26777394 
  1.910000e+00  5.08588992 9.26777394 
  1.912500e+00  5.08588992 9.26777394 
  1.915000e+00  5.08588992 9.26777394 
  1.917500e+00  5.08588992 9.26777394 
  1.920000e+00  5.08588992 9.26777394 
  1.922500e+00  5.08588992 9.26777394 
  1.925000e+00  5.08588992 9.26777394 
  1.927500e+00  5.08588992 9.26777394 
  1.930000e+00  5.08588992 9.26777394 
  1.932500e+00  5.08588992 9.26777394 
  1.935000e+00  5.08588992 9.26777394 
  1.937500e+00  5.08588992 9.26777394 
  1.940000e+00  5.08588992 9.26777394 
  1.942500e+00  5.08588992 9.26777394 
  1.945000e+00  5.08588992 9.26777394 
  1.947500e+00  5.08588992 9.26777394 
  1.950000e+00  5.08588992 9.26777394 
  1.952500e+00  5.08588992 9.26777394 
  1.955000e+00  5.08588992 9.26777394 
  1.957500e+00  5.08588992 9.26777394 
  1.960000e+00  5.08588992 9.26777394 
  1.962500e+00  5.08588992 9.26777394 
  1.965000e+00  5.08588992 9.26777394 
  1.967500e+00  5.08588992 9.26777394 
  1.970000e+00  5.08588992 9.26777394 
  1.972500e+00  5.08588992 9.26777394 
  1.975000e+00  5.08588992 9.26777394 
  1.977500e+00  5.08588992 9.26777394 
  1.980000e+00  5.08588992 9.26777394 
  1.982500e+00  5.08588992 9.26777394 
  1.985000e+00  5.08588992 9.26777394 
  1.987500e+00  5.08588992 9.26777394 
  1.990000e+00  5.08588992 9.26777394 
  1.992500e+00  5.08588992 9.26777394 
  1.995000e+00  5.08588992 9.26777394 
  1.997500e+00  5.08588992 9.26777394 
  2.000000e+00  5.08588992 9.26777394 
  2.002500e+00  5.08588992 9.26777394 
  2.005000e+00  5.08588992 9.26777394 
  2.007500e+00  5.08588992 9.26777394 
  2.010000e+00  5.08588992 9.26777394 
  2.012500e+00  5.08588992 9.26777394 
  2.015000e+00  5.08588992 9.26777394 
  2.017500e+00  5.08588992 9.26777394 
  2.020000e+00  5.08588992 9.26777394 
  2.022500e+00  5.08588992 9.26777394 
  2.025000e+00  5.08588992 9.26777394 
  2.027500e+00  5.08588992 9.26777394 
  2.030000e+00  5.08588992 9.26777394 
  2.032500e+00  5.08588992 9.26777394 
  2.035000e+00  5.08588992 9.26777394 
  2.037500e+00  5.08588992 9.26777394 
  2.040000e+00  5.08588992 9.26777394 
  2.042500e+00  5.08588992 9.26777394 
  2.045000e+00  5.08588992 9.26777394 
  2.047500e+00  5.08588992 9.26777394 
  2.050000e+00  5.08588992 9.26777394 
  2.052500e+00  5.08588992 9.26777394 
  2.055000e+00  5.08588992 9.26777394 
  2.057500e+00  5.08588992 9.26777394 
  2.060000e+00  5.08588992 9.26777394 
  2.062500e+00  5.08588992 9.26777394 
  2.065000e+00  5.08588992 9.26777394 
  2.067500e+00  5.08588992 9.26777394 
  2.070000e+00  5.08588992 9.26777394 
  2.072500e+00  5.08588992 9.26777394 
  2.075000e+00  5.08588992 9.26777394 
  2.077500e+00  5.08588992 9.26777394 
  2.080000e+00  5.08588992 9.26777394 
  2.082500e+00  5.08588992 9.26777394 
  2.085000e+00  5.08588992 9.26777394 
  2.087500e+00  5.08588992 9.26777394 
  2.090000e+00  5.08588992 9.26777394 
  2.092500e+00  5.08588992 9.26777394 
  2.095000e+00  5.08588992 9.26777394 
  2.097500e+00  5.08588992 9.26777394 
  2.100000e+00  5.08588992 9.26777394 
  2.102500e+00  5.08588992 9.26777394 
  2.105000e+00  5.08588992 9.26777394 
  2.107500e+00  5.08588992 9.26777394 
  2.110000e+00  5.08588992 9.26777394 
  2.112500e+00  5.08588992 9.26777394 
  2.115000e+00  5.08588992 9.26777394 
  2.117500e+00  5.08588992 9.26777394 
  2.120000e+00  5.08588992 9.26777394 
  2.122500e+00  5.08588992 9.26777394 
  2.125000e+00  5.08588992 9.26777394 
  2.127500e+00  5.08588992 9.26777394 
  2.130000e+00  5.08588992 9.26777394 
  2.132500e+00  5.08588992 9.26777394 
  2.135000e+00  5.08588992 9.26777394 
  2.137500e+00  5.08588992 9.26777394 
  2.140000e+00  5.08588992 9.26777394 
  2.142500e+00  5.08588992 9.26777394 
  2.145000e+00  5.08588992 9.26777394 
  2.147500e+00  5.08588992 9.26777394 
  2.150000e+00  5.08588992 9.26777394 
  2.152500e+00  5.08588992 9.26777394 
  2.155000e+00  5.08588992 9.26777394 
  2.157500e+00  5.08588992 9.26777394 
  2.160000e+00  5.08588992 9.26777394 
  2.162500e+00  5.08588992 9.26777394 
  2.165000e+00  5.08588992 9.26777394 
  2.167500e+00  5.08588992 9.26777394 
  2.170000e+00  5.08588992 9.26777394 
  2.172500e+00  5.08588992 9.26777394 
  2.175000e+00  5.08588992 9.26777394 
  2.177500e+00  5.08588992 9.26777394 
  2.180000e+00  5.08588992 9.26777394 
  2.182500e+00  5.08588992 9.26777394 
  2.185000e+00  5.08588992 9.26777394 
  2.187500e+00  5.08588992 9.26777394 
  2.190000e+00  5.08588992 9.26777394 
  2.192500e+00  5.08588992 9.26777394 
  2.195000e+00  5.08588992 9.26777394 
  2.197500e+00  5.08588992 9.26777394 
  2.200000e+00  5.08588992 9.26777394 
  2.202500e+00  5.08588992 9.26777394 
  2.205000e+00  5.08588992 9.26777394 
  2.207500e+00  5.08588992 9.26777394 
  2.210000e+00  5.08588992 9.26777394 
  2.212500e+00  5.08588992 9.26777394 
  2.215000e+00  5.08588992 9.26777394 
  2.217500e+00  5.08588992 9.26777394 
  2.220000e+00  5.08588992 9.26777394 
  2.222500e+00  5.08588992 9.26777394 
  2.225000e+00  5.08588992 9.26777394 
  2.227500e+00  5.08588992 9.26777394 
  2.230000e+00  5.08588992 9.26777394 
  2.232500e+00  5.08588992 9.26777394 
  2.235000e+00  5.08588992 9.26777394 
  2.237500e+00  5.08588992 9.26777394 
  2.240000e+00  5.08588992 9.26777394 
  2.242500e+00  5.08588992 9.26777394 
  2.245000e+00  5.08588992 9.26777394 
  2.247500e+00  5.08588992 9.26777394 
  2.250000e+00  5.08588992 9.26777394 
  2.252500e+00  5.08588992 9.26777394 
  2.255000e+00  5.08588992 9.26777394 
  2.257500e+00  5.08588992 9.26777394 
  2.260000e+00  5.08588992 9.26777394 
  2.262500e+00  5.08588992 9.26777394 
  2.265000e+00  5.08588992 9.26777394 
  2.267500e+00  5.08588992 9.26777394 
  2.270000e+00  5.08588992 9.26777394 
  2.272500e+00  5.08588992 9.26777394 
  2.275000e+00  5.08588992 9.26777394 
  2.277500e+00  5.08588992 9.26777394 
  2.280000e+00  5.08588992 9.26777394 
  2.282500e+00  5.08588992 9.26777394 
  2.285000e+00  5.08588992 9.26777394 
  2.287500e+00  5.08588992 9.26777394 
  2.290000e+00  5.08588992 9.26777394 
  2.292500e+00  5.08588992 9.26777394 
  2.295000e+00  5.08588992 9.26777394 
  2.297500e+00  5.08588992 9.26777394 
  2.300000e+00  5.08588992 9.26777394 
  2.302500e+00  5.08588992 9.26777394 
  2.305000e+00  5.08588992 9.26777394 
  2.307500e+00  5.08588992 9.26777394 
  2.310000e+00  5.08588992 9.26777394 
  2.312500e+00  5.08588992 9.26777394 
  2.315000e+00  5.08588992 9.26777394 
  2.317500e+00  5.08588992 9.26777394 
  2.320000e+00  5.08588992 9.26777394 
  2.322500e+00  5.08588992 9.26777394 
  2.325000e+00  5.08588992 9.26777394 
  2.327500e+00  5.08588992 9.26777394 
  2.330000e+00  5.08588992 9.26777394 
  2.332500e+00  5.08588992 9.26777394 
  2.335000e+00  5.08588992 9.26777394 
  2.337500e+00  5.08588992 9.26777394 
  2.340000e+00  5.08588992 9.26777394 
  2.342500e+00  5.08588992 9.26777394 
  2.345000e+00  5.08588992 9.26777394 
  2.347500e+00  5.08588992 9.26777394 
  2.350000e+00  5.08588992 9.26777394 
  2.352500e+00  5.08588992 9.26777394 
  2.355000e+00  5.08588992 9.26777394 
  2.357500e+00  5.08588992 9.26777394 
  2.360000e+00  5.08588992 9.26777394 
  2.362500e+00  5.08588992 9.26777394 
  2.365000e+00  5.08588992 9.26777394 
  2.367500e+00  5.08588992 9.26777394 
  2.370000e+00  5.08588992 9.26777394 
  2.372500e+00  5.08588992 9.26777394 
  2.375000e+00  5.08588992 9.26777394 
  2.377500e+00  5.08588992 9.26777394 
  2.380000e+00  5.08588992 9.26777394 
  2.382500e+00  5.08588992 9.26777394 
  2.385000e+00  5.08588992 9.26777394 
  2.387500e+00  5.08588992 9.26777394 
  2.390000e+00  5.08588992 9.26777394 
  2.392500e+00  5.08588992 9.26777394 
  2.395000e+00  5.08588992 9.26777394 
  2.397500e+00  5.08588992 9.26777394 
  2.400000e+00  5.08588992 9.26777394 
  2.402500e+00  5.08588992 9.26777394 
  2.405000e+00  5.08588992 9.26777394 
  2.407500e+00  5.08588992 9.26777394 
  2.410000e+00  5.08588992 9.26777394 
  2.412500e+00  5.08588992 9.26777394 
  2.415000e+00  5.08588992 9.26777394 
  2.417500e+00  5.08588992 9.26777394 
  2.420000e+00  5.08588992 9.26777394 
  2.422500e+00  5.08588992 9.26777394 
  2.425000e+00  5.08588992 9.26777394 
  2.427500e+00  5.08588992 9.26777394 
  2.430000e+00  5.08588992 9.26777394 
  2.432500e+00  5.08588992 9.26777394 
  2.435000e+00  5.08588992 9.26777394 
  2.437500e+00  5.08588992 9.26777394 
  2.440000e+00  5.08588992 9.26777394 
  2.442500e+00  5.08588992 9.26777394 
  2.445000e+00  5.08588992 9.26777394 
  2.447500e+00  5.08588992 9.26777394 
  2.450000e+00  5.08588992 9.26777394 
  2.452500e+00  5.08588992 9.26777394 
  2.455000e+00  5.08588992 9.26777394 
  2.457500e+00  5.08588992 9.26777394 
  2.460000e+00  5.08588992 9.26777394 
  2.462500e+00  5.08588992 9.26777394 
  2.465000e+00  5.08588992 9.26777394 
  2.467500e+00  5.08588992 9.26777394 
  2.470000e+00  5.08588992 9.26777394 
  2.472500e+00  5.08588992 9.26777394 
  2.475000e+00  5.08588992 9.26777394 
  2.477500e+00  5.08588992 9.26777394 
  2.480000e+00  5.08588992 9.26777394 
  2.482500e+00  5.08588992 9.26777394 
  2.485000e+00  5.08588992 9.26777394 
  2.487500e+00  5.08588992 9.26777394 
  2.490000e+00  5.08588992 9.26777394 
  2.492500e+00  5.08588992 9.26777394 
  2.495000e+00  5.08588992 9.26777394 
  2.497500e+00  5.08588992 9.26777394 
  2.500000e+00  5.08588992 9.26777394 
  2.502500e+00  5.08588992 9.26777394 
  2.505000e+00  5.08588992 9.26777394 
  2.507500e+00  5.08588992 9.26777394 
  2.510000e+00  5.08588992 9.26777394 
  2.512500e+00  5.08588992 9.26777394 
  2.515000e+00  5.08588992 9.26777394 
  2.517500e+00  5.08588992 9.26777394 
  2.520000e+00  5.08588992 9.26777394 
  2.522500e+00  5.08588992 9.26777394 
  2.525000e+00  5.08588992 9.26777394 
  2.527500e+00  5.08588992 9.26777394 
  2.530000e+00  5.08588992 9.26777394 
  2.532500e+00  5.08588992 9.26777394 
  2.535000e+00  5.08588992 9.26777394 
  2.537500e+00  5.08588992 9.26777394 
  2.540000e+00  5.08588992 9.26777394 
  2.542500e+00  5.08588992 9.26777394 
  2.545000e+00  5.08588992 9.26777394 
  2.547500e+00  5.08588992 9.26777394 
  2.550000e+00  5.08588992 9.26777394 
  2.552500e+00  5.08588992 9.26777394 
  2.555000e+00  5.08588992 9.26777394 
  2.557500e+00  5.08588992 9.26777394 
  2.560000e+00  5.08588992 9.26777394 
  2.562500e+00  5.08588992 9.26777394 
  2.565000e+00  5.08588992 9.26777394 
  2.567500e+00  5.08588992 9.26777394 
  2.570000e+00  5.08588992 9.26777394 
  2.572500e+00  5.08588992 9.26777394 
  2.575000e+00  5.08588992 9.26777394 
  2.577500e+00  5.08588992 9.26777394 
  2.580000e+00  5.08588992 9.26777394 
  2.582500e+00  5.08588992 9.26777394 
  2.585000e+00  5.08588992 9.26777394 
  2.587500e+00  5.08588992 9.26777394 
  2.590000e+00  5.08588992 9.26777394 
  2.592500e+00  5.08588992 9.26777394 
  2.595000e+00  5.08588992 9.26777394 
  2.597500e+00  5.08588992 9.26777394 
  2.600000e+00  5.08588992 9.26777394 
  2.602500e+00  5.08588992 9.26777394 
  2.605000e+00  5.08588992 9.26777394 
  2.607500e+00  5.08588992 9.26777394 
  2.610000e+00  5.08588992 9.26777394 
  2.612500e+00  5.08588992 9.26777394 
  2.615000e+00  5.08588992 9.26777394 
  2.617500e+00  5.08588992 9.26777394 
  2.620000e+00  5.08588992 9.26777394 
  2.622500e+00  5.08588992 9.26777394 
  2.625000e+00  5.08588992 9.26777394 
  2.627500e+00  5.08588992 9.26777394 
  2.630000e+00  5.08588992 9.26777394 
  2.632500e+00  5.08588992 9.26777394 
  2.635000e+00  5.08588992 9.26777394 
  2.637500e+00  5.08588992 9.26777394 
  2.640000e+00  5.08588992 9.26777394 
  2.642500e+00  5.08588992 9.26777394 
  2.645000e+00  5.08588992 9.26777394 
  2.647500e+00  5.08588992 9.26777394 
  2.650000e+00  5.08588992 9.26777394 
  2.652500e+00  5.08588992 9.26777394 
  2.655000e+00  5.08588992 9.26777394 
  2.657500e+00  5.08588992 9.26777394 
  2.660000e+00  5.08588992 9.26777394 
  2.662500e+00  5.08588992 9.26777394 
  2.665000e+00  5.08588992 9.26777394 
  2.667500e+00  5.08588992 9.26777394 
  2.670000e+00  5.08588992 9.26777394 
  2.672500e+00  5.08588992 9.26777394 
  2.675000e+00  5.08588992 9.26777394 
  2.677500e+00  5.08588992 9.26777394 
  2.680000e+00  5.08588992 9.26777394 
  2.682500e+00  5.08588992 9.26777394 
  2.685000e+00  5.08588992 9.26777394 
  2.687500e+00  5.08588992 9.26777394 
  2.690000e+00  5.08588992 9.26777394 
  2.692500e+00  5.08588992 9.26777394 
  2.695000e+00  5.08588992 9.26777394 
  2.697500e+00  5.08588992 9.26777394 
  2.700000e+00  5.08588992 9.26777394 
  2.702500e+00  5.08588992 9.26777394 
  2.705000e+00  5.08588992 9.26777394 
  2.707500e+00  5.08588992 9.26777394 
  2.710000e+00  5.08588992 9.26777394 
  2.712500e+00  5.08588992 9.26777394 
  2.715000e+00  5.08588992 9.26777394 
  2.717500e+00  5.08588992 9.26777394 
  2.720000e+00  5.08588992 9.26777394 
  2.722500e+00  5.08588992 9.26777394 
  2.725000e+00  5.08588992 9.26777394 
  2.727500e+00  5.08588992 9.26777394 
  2.730000e+00  5.08588992 9.26777394 
  2.732500e+00  5.08588992 9.26777394 
  2.735000e+00  5.08588992 9.26777394 
  2.737500e+00  5.08588992 9.26777394 
  2.740000e+00  5.08588992 9.26777394 
  2.742500e+00  5.08588992 9.26777394 
  2.745000e+00  5.08588992 9.26777394 
  2.747500e+00  5.08588992 9.26777394 
  2.750000e+00  5.08588992 9.26777394 
  2.752500e+00  5.08588992 9.26777394 
  2.755000e+00  5.08588992 9.26777394 
  2.757500e+00  5.08588992 9.26777394 
  2.760000e+00  5.08588992 9.26777394 
  2.762500e+00  5.08588992 9.26777394 
  2.765000e+00  5.08588992 9.26777394 
  2.767500e+00  5.08588992 9.26777394 
  2.770000e+00  5.08588992 9.26777394 
  2.772500e+00  5.08588992 9.26777394 
  2.775000e+00  5.08588992 9.26777394 
  2.777500e+00  5.08588992 9.26777394 
  2.780000e+00  5.08588992 9.26777394 
  2.782500e+00  5.08588992 9.26777394 
  2.785000e+00  5.08588992 9.26777394 
  2.787500e+00  5.08588992 9.26777394 
  2.790000e+00  5.08588992 9.26777394 
  2.792500e+00  5.08588992 9.26777394 
  2.795000e+00  5.08588992 9.26777394 
  2.797500e+00  5.08588992 9.26777394 
  2.800000e+00  5.08588992 9.26777394 
  2.802500e+00  5.08588992 9.26777394 
  2.805000e+00  5.08588992 9.26777394 
  2.807500e+00  5.08588992 9.26777394 
  2.810000e+00  5.08588992 9.26777394 
  2.812500e+00  5.08588992 9.26777394 
  2.815000e+00  5.08588992 9.26777394 
  2.817500e+00  5.08588992 9.26777394 
  2.820000e+00  5.08588992 9.26777394 
  2.822500e+00  5.08588992 9.26777394 
  2.825000e+00  5.08588992 9.26777394 
  2.827500e+00  5.08588992 9.26777394 
  2.830000e+00  5.08588992 9.26777394 
  2.832500e+00  5.08588992 9.26777394 
  2.835000e+00  5.08588992 9.26777394 
  2.837500e+00  5.08588992 9.26777394 
  2.840000e+00  5.08588992 9.26777394 
  2.842500e+00  5.08588992 9.26777394 
  2.845000e+00  5.08588992 9.26777394 
  2.847500e+00  5.08588992 9.26777394 
  2.850000e+00  5.08588992 9.26777394 
  2.852500e+00  5.08588992 9.26777394 
  2.855000e+00  5.08588992 9.26777394 
  2.857500e+00  5.08588992 9.26777394 
  2.860000e+00  5.08588992 9.26777394 
  2.862500e+00  5.08588992 9.26777394 
  2.865000e+00  5.08588992 9.26777394 
  2.867500e+00  5.08588992 9.26777394 
  2.870000e+00  5.08588992 9.26777394 
  2.872500e+00  5.08588992 9.26777394 
  2.875000e+00  5.08588992 9.26777394 
  2.877500e+00  5.08588992 9.26777394 
  2.880000e+00  5.08588992 9.26777394 
  2.882500e+00  5.08588992 9.26777394 
  2.885000e+00  5.08588992 9.26777394 
  2.887500e+00  5.08588992 9.26777394 
  2.890000e+00  5.08588992 9.26777394 
  2.892500e+00  5.08588992 9.26777394 
  2.895000e+00  5.08588992 9.26777394 
  2.897500e+00  5.08588992 9.26777394 
  2.900000e+00  5.08588992 9.26777394 
  2.902500e+00  5.08588992 9.26777394 
  2.905000e+00  5.08588992 9.26777394 
  2.907500e+00  5.08588992 9.26777394 
  2.910000e+00  5.08588992 9.26777394 
  2.912500e+00  5.08588992 9.26777394 
  2.915000e+00  5.08588992 9.26777394 
  2.917500e+00  5.08588992 9.26777394 
  2.920000e+00  5.08588992 9.26777394 
  2.922500e+00  5.08588992 9.26777394 
  2.925000e+00  5.08588992 9.26777394 
  2.927500e+00  5.08588992 9.26777394 
  2.930000e+00  5.08588992 9.26777394 
  2.932500e+00  5.08588992 9.26777394 
  2.935000e+00  5.08588992 9.26777394 
  2.937500e+00  5.08588992 9.26777394 
  2.940000e+00  5.08588992 9.26777394 
  2.942500e+00  5.08588992 9.26777394 
  2.945000e+00  5.08588992 9.26777394 
  2.947500e+00  5.08588992 9.26777394 
  2.950000e+00  5.08588992 9.26777394 
  2.952500e+00  5.08588992 9.26777394 
  2.955000e+00  5.08588992 9.26777394 
  2.957500e+00  5.08588992 9.26777394 
  2.960000e+00  5.08588992 9.26777394 
  2.962500e+00  5.08588992 9.26777394 
  2.965000e+00  5.08588992 9.26777394 
  2.967500e+00  5.08588992 9.26777394 
  2.970000e+00  5.08588992 9.26777394 
  2.972500e+00  5.08588992 9.26777394 
  2.975000e+00  5.08588992 9.26777394 
  2.977500e+00  5.08588992 9.26777394 
  2.980000e+00  5.08588992 9.26777394 
  2.982500e+00  5.08588992 9.26777394 
  2.985000e+00  5.08588992 9.26777394 
  2.987500e+00  5.08588992 9.26777394 
  2.990000e+00  5.08588992 9.26777394 
  2.992500e+00  5.08588992 9.26777394 
  2.995000e+00  5.08588992 9.26777394 
  2.997500e+00  5.08588992 9.26777394 
  3.000000e+00  5.08588992 9.26777394 
  3.002500e+00  5.08588992 9.26777394 
  3.005000e+00  5.08588992 9.26777394 
  3.007500e+00  5.08588992 9.26777394 
  3.010000e+00  5.08588992 9.26777394 
  3.012500e+00  5.08588992 9.26777394 
  3.015000e+00  5.08588992 9.26777394 
  3.017500e+00  5.08588992 9.26777394 
  3.020000e+00  5.08588992 9.26777394 
  3.022500e+00  5.08588992 9.26777394 
  3.025000e+00  5.08588992 9.26777394 
  3.027500e+00  5.08588992 9.26777394 
  3.030000e+00  5.08588992 9.26777394 
  3.032500e+00  5.08588992 9.26777394 
  3.035000e+00  5.08588992 9.26777394 
  3.037500e+00  5.08588992 9.26777394 
  3.040000e+00  5.08588992 9.26777394 
  3.042500e+00  5.08588992 9.26777394 
  3.045000e+00  5.08588992 9.26777394 
  3.047500e+00  5.08588992 9.26777394 
  3.050000e+00  5.08588992 9.26777394 
  3.052500e+00  5.08588992 9.26777394 
  3.055000e+00  5.08588992 9.26777394 
  3.057500e+00  5.08588992 9.26777394 
  3.060000e+00  5.08588992 9.26777394 
  3.062500e+00  5.08588992 9.26777394 
  3.065000e+00  5.08588992 9.26777394 
  3.067500e+00  5.08588992 9.26777394 
  3.070000e+00  5.08588992 9.26777394 
  3.072500e+00  5.08588992 9.26777394 
  3.075000e+00  5.08588992 9.26777394 
  3.077500e+00  5.08588992 9.26777394 
  3.080000e+00  5.08588992 9.26777394 
  3.082500e+00  5.08588992 9.26777394 
  3.085000e+00  5.08588992 9.26777394 
  3.087500e+00  5.08588992 9.26777394 
  3.090000e+00  5.08588992 9.26777394 
  3.092500e+00  5.08588992 9.26777394 
  3.095000e+00  5.08588992 9.26777394 
  3.097500e+00  5.08588992 9.26777394 
  3.100000e+00  5.08588992 9.26777394 
  3.102500e+00  5.08588992 9.26777394 
  3.105000e+00  5.08588992 9.26777394 
  3.107500e+00  5.08588992 9.26777394 
  3.110000e+00  5.08588992 9.26777394 
  3.112500e+00  5.08588992 9.26777394 
  3.115000e+00  5.08588992 9.26777394 
  3.117500e+00  5.08588992 9.26777394 
  3.120000e+00  5.08588992 9.26777394 
  3.122500e+00  5.08588992 9.26777394 
  3.125000e+00  5.08588992 9.26777394 
  3.127500e+00  5.08588992 9.26777394 
  3.130000e+00  5.08588992 9.26777394 
  3.132500e+00  5.08588992 9.26777394 
  3.135000e+00  5.08588992 9.26777394 
  3.137500e+00  5.08588992 9.26777394 
  3.140000e+00  5.08588992 9.26777394 
  3.142500e+00  5.08588992 9.26777394 
  3.145000e+00  5.08588992 9.26777394 
  3.147500e+00  5.08588992 9.26777394 
  3.150000e+00  5.08588992 9.26777394 
  3.152500e+00  5.08588992 9.26777394 
  3.155000e+00  5.08588992 9.26777394 
  3.157500e+00  5.08588992 9.26777394 
  3.160000e+00  5.08588992 9.26777394 
  3.162500e+00  5.08588992 9.26777394 
  3.165000e+00  5.08588992 9.26777394 
  3.167500e+00  5.08588992 9.26777394 
  3.170000e+00  5.08588992 9.26777394 
  3.172500e+00  5.08588992 9.26777394 
  3.175000e+00  5.08588992 9.26777394 
  3.177500e+00  5.08588992 9.26777394 
  3.180000e+00  5.08588992 9.26777394 
  3.182500e+00  5.08588992 9.26777394 
  3.185000e+00  5.08588992 9.26777394 
  3.187500e+00  5.08588992 9.26777394 
  3.190000e+00  5.08588992 9.26777394 
  3.192500e+00  5.08588992 9.26777394 
  3.195000e+00  5.08588992 9.26777394 
  3.197500e+00  5.08588992 9.26777394 
  3.200000e+00  5.08588992 9.26777394 
  3.202500e+00  5.08588992 9.26777394 
  3.205000e+00  5.08588992 9.26777394 
  3.207500e+00  5.08588992 9.26777394 
  3.210000e+00  5.08588992 9.26777394 
  3.212500e+00  5.08588992 9.26777394 
  3.215000e+00  5.08588992 9.26777394 
  3.217500e+00  5.08588992 9.26777394 
  3.220000e+00  5.08588992 9.26777394 
  3.222500e+00  5.08588992 9.26777394 
  3.225000e+00  5.08588992 9.26777394 
  3.227500e+00  5.08588992 9.26777394 
  3.230000e+00  5.08588992 9.26777394 
  3.232500e+00  5.08588992 9.26777394 
  3.235000e+00  5.08588992 9.26777394 
  3.237500e+00  5.08588992 9.26777394 
  3.240000e+00  5.08588992 9.26777394 
  3.242500e+00  5.08588992 9.26777394 
  3.245000e+00  5.08588992 9.26777394 
  3.247500e+00  5.08588992 9.26777394 
  3.250000e+00  5.08588992 9.26777394 
  3.252500e+00  5.08588992 9.26777394 
  3.255000e+00  5.08588992 9.26777394 
  3.257500e+00  5.08588992 9.26777394 
  3.260000e+00  5.08588992 9.26777394 
  3.262500e+00  5.08588992 9.26777394 
  3.265000e+00  5.08588992 9.26777394 
  3.267500e+00  5.08588992 9.26777394 
  3.270000e+00  5.08588992 9.26777394 
  3.272500e+00  5.08588992 9.26777394 
  3.275000e+00  5.08588992 9.26777394 
  3.277500e+00  5.08588992 9.26777394 
  3.280000e+00  5.08588992 9.26777394 
  3.282500e+00  5.08588992 9.26777394 
  3.285000e+00  5.08588992 9.26777394 
  3.287500e+00  5.08588992 9.26777394 
  3.290000e+00  5.08588992 9.26777394 
  3.292500e+00  5.08588992 9.26777394 
  3.295000e+00  5.08588992 9.26777394 
  3.297500e+00  5.08588992 9.26777394 
  3.300000e+00  5.08588992 9.26777394 
  3.302500e+00  5.08588992 9.26777394 
  3.305000e+00  5.08588992 9.26777394 
  3.307500e+00  5.08588992 9.26777394 
  3.310000e+00  5.08588992 9.26777394 
  3.312500e+00  5.08588992 9.26777394 
  3.315000e+00  5.08588992 9.26777394 
  3.317500e+00  5.08588992 9.26777394 
  3.320000e+00  5.08588992 9.26777394 
  3.322500e+00  5.08588992 9.26777394 
  3.325000e+00  5.08588992 9.26777394 
  3.327500e+00  5.08588992 9.26777394 
  3.330000e+00  5.08588992 9.26777394 
  3.332500e+00  5.08588992 9.26777394 
  3.335000e+00  5.08588992 9.26777394 
  3.337500e+00  5.08588992 9.26777394 
  3.340000e+00  5.08588992 9.26777394 
  3.342500e+00  5.08588992 9.26777394 
  3.345000e+00  5.08588992 9.26777394 
  3.347500e+00  5.08588992 9.26777394 
  3.350000e+00  5.08588992 9.26777394 
  3.352500e+00  5.08588992 9.26777394 
  3.355000e+00  5.08588992 9.26777394 
  3.357500e+00  5.08588992 9.26777394 
  3.360000e+00  5.08588992 9.26777394 
  3.362500e+00  5.08588992 9.26777394 
  3.365000e+00  5.08588992 9.26777394 
  3.367500e+00  5.08588992 9.26777394 
  3.370000e+00  5.08588992 9.26777394 
  3.372500e+00  5.08588992 9.26777394 
  3.375000e+00  5.08588992 9.26777394 
  3.377500e+00  5.08588992 9.26777394 
  3.380000e+00  5.08588992 9.26777394 
  3.382500e+00  5.08588992 9.26777394 
  3.385000e+00  5.08588992 9.26777394 
  3.387500e+00  5.08588992 9.26777394 
  3.390000e+00  5.08588992 9.26777394 
  3.392500e+00  5.08588992 9.26777394 
  3.395000e+00  5.08588992 9.26777394 
  3.397500e+00  5.08588992 9.26777394 
  3.400000e+00  5.08588992 9.26777394 
  3.402500e+00  5.08588992 9.26777394 
  3.405000e+00  5.08588992 9.26777394 
  3.407500e+00  5.08588992 9.26777394 
  3.410000e+00  5.08588992 9.26777394 
  3.412500e+00  5.08588992 9.26777394 
  3.415000e+00  5.08588992 9.26777394 
  3.417500e+00  5.08588992 9.26777394 
  3.420000e+00  5.08588992 9.26777394 
  3.422500e+00  5.08588992 9.26777394 
  3.425000e+00  5.08588992 9.26777394 
  3.427500e+00  5.08588992 9.26777394 
  3.430000e+00  5.08588992 9.26777394 
  3.432500e+00  5.08588992 9.26777394 
  3.435000e+00  5.08588992 9.26777394 
  3.437500e+00  5.08588992 9.26777394 
  3.440000e+00  5.08588992 9.26777394 
  3.442500e+00  5.08588992 9.26777394 
  3.445000e+00  5.08588992 9.26777394 
  3.447500e+00  5.08588992 9.26777394 
  3.450000e+00  5.08588992 9.26777394 
  3.452500e+00  5.08588992 9.26777394 
  3.455000e+00  5.08588992 9.26777394 
  3.457500e+00  5.08588992 9.26777394 
  3.460000e+00  5.08588992 9.26777394 
  3.462500e+00  5.08588992 9.26777394 
  3.465000e+00  5.08588992 9.26777394 
  3.467500e+00  5.08588992 9.26777394 
  3.470000e+00  5.08588992 9.26777394 
  3.472500e+00  5.08588992 9.26777394 
  3.475000e+00  5.08588992 9.26777394 
  3.477500e+00  5.08588992 9.26777394 
  3.480000e+00  5.08588992 9.26777394 
  3.482500e+00  5.08588992 9.26777394 
  3.485000e+00  5.08588992 9.26777394 
  3.487500e+00  5.08588992 9.26777394 
  3.490000e+00  5.08588992 9.26777394 
  3.492500e+00  5.08588992 9.26777394 
  3.495000e+00  5.08588992 9.26777394 
  3.497500e+00  5.08588992 9.26777394 
  3.500000e+00  5.08588992 9.26777394 
  3.502500e+00  5.08588992 9.26777394 
  3.505000e+00  5.08588992 9.26777394 
  3.507500e+00  5.08588992 9.26777394 
  3.510000e+00  5.08588992 9.26777394 
  3.512500e+00  5.08588992 9.26777394 
  3.515000e+00  5.08588992 9.26777394 
  3.517500e+00  5.08588992 9.26777394 
  3.520000e+00  5.08588992 9.26777394 
  3.522500e+00  5.08588992 9.26777394 
  3.525000e+00  5.08588992 9.26777394 
  3.527500e+00  5.08588992 9.26777394 
  3.530000e+00  5.08588992 9.26777394 
  3.532500e+00  5.08588992 9.26777394 
  3.535000e+00  5.08588992 9.26777394 
  3.537500e+00  5.08588992 9.26777394 
  3.540000e+00  5.08588992 9.26777394 
  3.542500e+00  5.08588992 9.26777394 
  3.545000e+00  5.08588992 9.26777394 
  3.547500e+00  5.08588992 9.26777394 
  3.550000e+00  5.08588992 9.26777394 
  3.552500e+00  5.08588992 9.26777394 
  3.555000e+00  5.08588992 9.26777394 
  3.557500e+00  5.08588992 9.26777394 
  3.560000e+00  5.08588992 9.26777394 
  3.562500e+00  5.08588992 9.26777394 
  3.565000e+00  5.08588992 9.26777394 
  3.567500e+00  5.08588992 9.26777394 
  3.570000e+00  5.08588992 9.26777394 
  3.572500e+00  5.08588992 9.26777394 
  3.575000e+00  5.08588992 9.26777394 
  3.577500e+00  5.08588992 9.26777394 
  3.580000e+00  5.08588992 9.26777394 
  3.582500e+00  5.08588992 9.26777394 
  3.585000e+00  5.08588992 9.26777394 
  3.587500e+00  5.08588992 9.26777394 
  3.590000e+00  5.08588992 9.26777394 
  3.592500e+00  5.08588992 9.26777394 
  3.595000e+00  5.08588992 9.26777394 
  3.597500e+00  5.08588992 9.26777394 
  3.600000e+00  5.08588992 9.26777394 
  3.602500e+00  5.08588992 9.26777394 
  3.605000e+00  5.08588992 9.26777394 
  3.607500e+00  5.08588992 9.26777394 
  3.610000e+00  5.08588992 9.26777394 
  3.612500e+00  5.08588992 9.26777394 
  3.615000e+00  5.08588992 9.26777394 
  3.617500e+00  5.08588992 9.26777394 
  3.620000e+00  5.08588992 9.26777394 
  3.622500e+00  5.08588992 9.26777394 
  3.625000e+00  5.08588992 9.26777394 
  3.627500e+00  5.08588992 9.26777394 
  3.630000e+00  5.08588992 9.26777394 
  3.632500e+00  5.08588992 9.26777394 
  3.635000e+00  5.08588992 9.26777394 
  3.637500e+00  5.08588992 9.26777394 
  3.640000e+00  5.08588992 9.26777394 
  3.642500e+00  5.08588992 9.26777394 
  3.645000e+00  5.08588992 9.26777394 
  3.647500e+00  5.08588992 9.26777394 
  3.650000e+00  5.08588992 9.26777394 
  3.652500e+00  5.08588992 9.26777394 
  3.655000e+00  5.08588992 9.26777394 
  3.657500e+00  5.08588992 9.26777394 
  3.660000e+00  5.08588992 9.26777394 
  3.662500e+00  5.08588992 9.26777394 
  3.665000e+00  5.08588992 9.26777394 
  3.667500e+00  5.08588992 9.26777394 
  3.670000e+00  5.08588992 9.26777394 
  3.672500e+00  5.08588992 9.26777394 
  3.675000e+00  5.08588992 9.26777394 
  3.677500e+00  5.08588992 9.26777394 
  3.680000e+00  5.08588992 9.26777394 
  3.682500e+00  5.08588992 9.26777394 
  3.685000e+00  5.08588992 9.26777394 
  3.687500e+00  5.08588992 9.26777394 
  3.690000e+00  5.08588992 9.26777394 
  3.692500e+00  5.08588992 9.26777394 
  3.695000e+00  5.08588992 9.26777394 
  3.697500e+00  5.08588992 9.26777394 
  3.700000e+00  5.08588992 9.26777394 
  3.702500e+00  5.08588992 9.26777394 
  3.705000e+00  5.08588992 9.26777394 
  3.707500e+00  5.08588992 9.26777394 
  3.710000e+00  5.08588992 9.26777394 
  3.712500e+00  5.08588992 9.26777394 
  3.715000e+00  5.08588992 9.26777394 
  3.717500e+00  5.08588992 9.26777394 
  3.720000e+00  5.08588992 9.26777394 
  3.722500e+00  5.08588992 9.26777394 
  3.725000e+00  5.08588992 9.26777394 
  3.727500e+00  5.08588992 9.26777394 
  3.730000e+00  5.08588992 9.26777394 
  3.732500e+00  5.08588992 9.26777394 
  3.735000e+00  5.08588992 9.26777394 
  3.737500e+00  5.08588992 9.26777394 
  3.740000e+00  5.08588992 9.26777394 
  3.742500e+00  5.08588992 9.26777394 
  3.745000e+00  5.08588992 9.26777394 
  3.747500e+00  5.08588992 9.26777394 
  3.750000e+00  5.08588992 9.26777394 
  3.752500e+00  5.08588992 9.26777394 
  3.755000e+00  5.08588992 9.26777394 
  3.757500e+00  5.08588992 9.26777394 
  3.760000e+00  5.08588992 9.26777394 
  3.762500e+00  5.08588992 9.26777394 
  3.765000e+00  5.08588992 9.26777394 
  3.767500e+00  5.08588992 9.26777394 
  3.770000e+00  5.08588992 9.26777394 
  3.772500e+00  5.08588992 9.26777394 
  3.775000e+00  5.08588992 9.26777394 
  3.777500e+00  5.08588992 9.26777394 
  3.780000e+00  5.08588992 9.26777394 
  3.782500e+00  5.08588992 9.26777394 
  3.785000e+00  5.08588992 9.26777394 
  3.787500e+00  5.08588992 9.26777394 
  3.790000e+00  5.08588992 9.26777394 
  3.792500e+00  5.08588992 9.26777394 
  3.795000e+00  5.08588992 9.26777394 
  3.797500e+00  5.08588992 9.26777394 
  3.800000e+00  5.08588992 9.26777394 
  3.802500e+00  5.08588992 9.26777394 
  3.805000e+00  5.08588992 9.26777394 
  3.807500e+00  5.08588992 9.26777394 
  3.810000e+00  5.08588992 9.26777394 
  3.812500e+00  5.08588992 9.26777394 
  3.815000e+00  5.08588992 9.26777394 
  3.817500e+00  5.08588992 9.26777394 
  3.820000e+00  5.08588992 9.26777394 
  3.822500e+00  5.08588992 9.26777394 
  3.825000e+00  5.08588992 9.26777394 
  3.827500e+00  5.08588992 9.26777394 
  3.830000e+00  5.08588992 9.26777394 
  3.832500e+00  5.08588992 9.26777394 
  3.835000e+00  5.08588992 9.26777394 
  3.837500e+00  5.08588992 9.26777394 
  3.840000e+00  5.08588992 9.26777394 
  3.842500e+00  5.08588992 9.26777394 
  3.845000e+00  5.08588992 9.26777394 
  3.847500e+00  5.08588992 9.26777394 
  3.850000e+00  5.08588992 9.26777394 
  3.852500e+00  5.08588992 9.26777394 
  3.855000e+00  5.08588992 9.26777394 
  3.857500e+00  5.08588992 9.26777394 
  3.860000e+00  5.08588992 9.26777394 
  3.862500e+00  5.08588992 9.26777394 
  3.865000e+00  5.08588992 9.26777394 
  3.867500e+00  5.08588992 9.26777394 
  3.870000e+00  5.08588992 9.26777394 
  3.872500e+00  5.08588992 9.26777394 
  3.875000e+00  5.08588992 9.26777394 
  3.877500e+00  5.08588992 9.26777394 
  3.880000e+00  5.08588992 9.26777394 
  3.882500e+00  5.08588992 9.26777394 
  3.885000e+00  5.08588992 9.26777394 
  3.887500e+00  5.08588992 9.26777394 
  3.890000e+00  5.08588992 9.26777394 
  3.892500e+00  5.08588992 9.26777394 
  3.895000e+00  5.08588992 9.26777394 
  3.897500e+00  5.08588992 9.26777394 
  3.900000e+00  5.08588992 9.26777394 
  3.902500e+00  5.08588992 9.26777394 
  3.905000e+00  5.08588992 9.26777394 
  3.907500e+00  5.08588992 9.26777394 
  3.910000e+00  5.08588992 9.26777394 
  3.912500e+00  5.08588992 9.26777394 
  3.915000e+00  5.08588992 9.26777394 
  3.917500e+00  5.08588992 9.26777394 
  3.920000e+00  5.08588992 9.26777394 
  3.922500e+00  5.08588992 9.26777394 
  3.925000e+00  5.08588992 9.26777394 
  3.927500e+00  5.08588992 9.26777394 
  3.930000e+00  5.08588992 9.26777394 
  3.932500e+00  5.08588992 9.26777394 
  3.935000e+00  5.08588992 9.26777394 
  3.937500e+00  5.08588992 9.26777394 
  3.940000e+00  5.08588992 9.26777394 
  3.942500e+00  5.08588992 9.26777394 
  3.945000e+00  5.08588992 9.26777394 
  3.947500e+00  5.08588992 9.26777394 
  3.950000e+00  5.08588992 9.26777394 
  3.952500e+00  5.08588992 9.26777394 
  3.955000e+00  5.08588992 9.26777394 
  3.957500e+00  5.08588992 9.26777394 
  3.960000e+00  5.08588992 9.26777394 
  3.962500e+00  5.08588992 9.26777394 
  3.965000e+00  5.08588992 9.26777394 
  3.967500e+00  5.08588992 9.26777394 
  3.970000e+00  5.08588992 9.26777394 
  3.972500e+00  5.08588992 9.26777394 
  3.975000e+00  5.08588992 9.26777394 
  3.977500e+00  5.08588992 9.26777394 
  3.980000e+00  5.08588992 9.26777394 
  3.982500e+00  5.08588992 9.26777394 
  3.985000e+00  5.08588992 9.26777394 
  3.987500e+00  5.08588992 9.26777394 
  3.990000e+00  5.08588992 9.26777394 
  3.992500e+00  5.08588992 9.26777394 
  3.995000e+00  5.08588992 9.26777394 
  3.997500e+00  5.08588992 9.26777394 
  4.000000e+00  5.08588992 9.26777394 
