  0.000000e+00  15.102713  15.102713 1.000000
  5.000000e-03  13.989941  13.989941 0.493557
  1.000000e-02  12.800581  13.101563 0.198537 
  1.500000e-02  11.821840  12.615716 0.161245 
  2.000000e-02  11.031730  12.086586 0.146012 
  2.500000e-02  10.356932  11.568120 0.139609 
  3.000000e-02  9.820835  11.092420 0.136667 
  3.500000e-02  9.434236  10.648364 0.135315 
  4.000000e-02  9.161906  10.257560 0.134913 
  4.500000e-02  8.947695  9.909248 0.134656 
  5.000000e-02  8.750384  9.594971 0.134437 
  5.500000e-02  8.527183  9.256715 0.134418 
  6.000000e-02  8.303977  8.990015 0.134331 
  6.500000e-02  8.102361  8.759022 0.134259 
  7.000000e-02  7.930773  8.548891 0.134218 
  7.500000e-02  7.786861  8.352852 0.134200 
  8.000000e-02  7.663356  8.168231 0.134194 
  8.500000e-02  7.549455  7.986736 0.134221 
  9.000000e-02  7.440105  7.819806 0.134198 
  9.500000e-02  7.335702  7.665385 0.134190 
  1.000000e-01  7.238385  7.522468 0.134185 
  1.050000e-01  7.149165  7.389572 0.134190 
  1.100000e-01  7.067092  7.265271 0.134203 
  1.150000e-01  6.990158  7.148646 0.134221 
  1.200000e-01  6.909613  7.026915 0.134221 
  1.250000e-01  6.829625  6.918897 0.134254 
  1.300000e-01  6.753387  6.819069 0.134269 
  1.350000e-01  6.682506  6.725064 0.134288 
  1.400000e-01  6.616726  6.635452 0.134309 
  1.450000e-01  6.554760  6.549612 0.134329 
  1.500000e-01  6.494642  6.465602 0.134361 
  1.550000e-01  6.435986  6.386427 0.134369 
  1.600000e-01  6.379737  6.311640 0.134384 
  1.650000e-01  6.326933  6.240957 0.134399 
  1.700000e-01  6.278075  6.174125 0.134414 
  1.750000e-01  6.233235  6.111071 0.134430 
  1.800000e-01  6.192458  6.051908 0.134447 
  1.850000e-01  6.154259  5.993783 0.134456 
  1.900000e-01  6.120181  5.941283 0.134477 
  1.950000e-01  6.091086  5.892980 0.134492 
  2.000000e-01  6.066924  5.848116 0.134507 
  2.050000e-01  6.046705  5.806091 0.134521 
  2.100000e-01  6.028847  5.766449 0.134534 
  2.150000e-01  6.011477  5.728272 0.134549 
  2.200000e-01  5.993005  5.692075 0.134553 
  2.250000e-01  5.972416  5.657343 0.134557 
  2.300000e-01  5.949051  5.623649 0.134559 
  2.350000e-01  5.922527  5.590609 0.134559 
  2.400000e-01  5.892770  5.557933 0.134556 
  2.450000e-01  5.860065  5.525419 0.134553 
  2.500000e-01  5.825019  5.492918 0.134548 
  2.550000e-01  5.787805  5.459390 0.134539 
  2.600000e-01  5.749798  5.426271 0.134539 
  2.650000e-01  5.711987  5.393133 0.134536 
  2.700000e-01  5.674949  5.359827 0.134535 
  2.750000e-01  5.638916  5.326339 0.134536 
  2.800000e-01  5.603921  5.292671 0.134541 
  2.850000e-01  5.569916  5.259091 0.134544 
  2.900000e-01  5.536914  5.225720 0.134550 
  2.950000e-01  5.504913  5.192652 0.134558 
  3.000000e-01  5.473841  5.159942 0.134565 
  3.050000e-01  5.443565  5.127633 0.134574 
  3.100000e-01  5.413937  5.095759 0.134582 
  3.150000e-01  5.384840  5.064353 0.134590 
  3.200000e-01  5.356101  5.033245 0.134596 
  3.250000e-01  5.327688  5.002615 0.134603 
  3.300000e-01  5.299701  4.972539 0.134609 
  3.350000e-01  5.272175  4.942930 0.134614 
  3.400000e-01  5.245096  4.913746 0.134618 
  3.450000e-01  5.218454  4.884962 0.134623 
  3.500000e-01  5.192223  4.856597 0.134626 
  3.550000e-01  5.166405  4.828651 0.134629 
  3.600000e-01  5.141036  4.801136 0.134631 
  3.650000e-01  5.116153  4.774053 0.134633 
  3.700000e-01  5.091777  4.747406 0.134635 
  3.750000e-01  5.067913  4.721202 0.134637 
  3.800000e-01  5.044565  4.695445 0.134639 
  3.850000e-01  5.021736  4.670147 0.134641 
  3.900000e-01  4.999369  4.645200 0.134642 
  3.950000e-01  4.977464  4.620714 0.134644 
  4.000000e-01  4.956099  4.596776 0.134646 
  4.050000e-01  4.935293  4.573326 0.134648 
  4.100000e-01  4.915005  4.550333 0.134649 
  4.150000e-01  4.895196  4.527812 0.134652 
  4.200000e-01  4.875817  4.505745 0.134653 
  4.250000e-01  4.856841  4.484134 0.134655 
  4.300000e-01  4.838251  4.462978 0.134657 
  4.350000e-01  4.820028  4.442270 0.134659 
  4.400000e-01  4.802158  4.422006 0.134661 
  4.450000e-01  4.784635  4.402184 0.134663 
  4.500000e-01  4.767427  4.382730 0.134665 
  4.550000e-01  4.750562  4.363726 0.134667 
  4.600000e-01  4.734077  4.345163 0.134670 
  4.650000e-01  4.718001  4.327031 0.134672 
  4.700000e-01  4.702355  4.309317 0.134674 
  4.750000e-01  4.687144  4.292014 0.134676 
  4.800000e-01  4.672366  4.275117 0.134678 
  4.850000e-01  4.658012  4.258622 0.134680 
  4.900000e-01  4.644071  4.242528 0.134682 
  4.950000e-01  4.630527  4.226830 0.134684 
  5.000000e-01  4.617364  4.211524 0.134686 
  5.050000e-01  4.604563  4.196604 0.134688 
  5.100000e-01  4.592103  4.182061 0.134690 
  5.150000e-01  4.579968  4.167887 0.134692 
  5.200000e-01  4.568140  4.154073 0.134694 
  5.250000e-01  4.556607  4.140611 0.134696 
  5.300000e-01  4.545359  4.127488 0.134698 
  5.350000e-01  4.534385  4.114696 0.134699 
  5.400000e-01  4.523679  4.102223 0.134701 
  5.450000e-01  4.513231  4.090061 0.134702 
  5.500000e-01  4.503037  4.078199 0.134704 
  5.550000e-01  4.493087  4.066629 0.134705 
  5.600000e-01  4.483376  4.055343 0.134707 
  5.650000e-01  4.473898  4.044333 0.134708 
  5.700000e-01  4.464647  4.033590 0.134709 
  5.750000e-01  4.455619  4.023109 0.134711 
  5.800000e-01  4.446808  4.012882 0.134712 
  5.850000e-01  4.438210  4.002903 0.134713 
  5.900000e-01  4.429821  3.993166 0.134714 
  5.950000e-01  4.421639  3.983666 0.134715 
  6.000000e-01  4.413660  3.974397 0.134716 
  6.050000e-01  4.405882  3.965356 0.134718 
  6.100000e-01  4.398302  3.956537 0.134719 
  6.150000e-01  4.390919  3.947937 0.134719 
  6.200000e-01  4.383729  3.939552 0.134720 
  6.250000e-01  4.376733  3.931380 0.134721 
  6.300000e-01  4.369928  3.923416 0.134722 
  6.350000e-01  4.363314  3.915660 0.134723 
  6.400000e-01  4.356889  3.908108 0.134724 
  6.450000e-01  4.350655  3.900758 0.134725 
  6.500000e-01  4.344610  3.893610 0.134725 
  6.550000e-01  4.338755  3.886661 0.134726 
  6.600000e-01  4.333090  3.879910 0.134727 
  6.650000e-01  4.327614  3.873356 0.134728 
  6.700000e-01  4.322329  3.866998 0.134728 
  6.750000e-01  4.317232  3.860835 0.134729 
  6.800000e-01  4.312324  3.854864 0.134730 
  6.850000e-01  4.307603  3.849086 0.134730 
  6.900000e-01  4.303067  3.843498 0.134731 
  6.950000e-01  4.298713  3.838099 0.134732 
  7.000000e-01  4.294539  3.832888 0.134732 
  7.050000e-01  4.290542  3.827862 0.134733 
  7.100000e-01  4.286719  3.823019 0.134734 
  7.150000e-01  4.283065  3.818357 0.134734 
  7.200000e-01  4.279576  3.813873 0.134735 
  7.250000e-01  4.276248  3.809565 0.134735 
  7.300000e-01  4.273078  3.805429 0.134736 
  7.350000e-01  4.270060  3.801462 0.134737 
  7.400000e-01  4.267190  3.797661 0.134737 
  7.450000e-01  4.264464  3.794023 0.134738 
  7.500000e-01  4.261876  3.790544 0.134738 
  7.550000e-01  4.259422  3.787219 0.134739 
  7.600000e-01  4.257098  3.784045 0.134739 
  7.650000e-01  4.254898  3.781018 0.134740 
  7.700000e-01  4.252819  3.778134 0.134740 
  7.750000e-01  4.250854  3.775388 0.134741 
  7.800000e-01  4.249000  3.772776 0.134741 
  7.850000e-01  4.247252  3.770294 0.134742 
  7.900000e-01  4.245605  3.767937 0.134742 
  7.950000e-01  4.244055  3.765702 0.134743 
  8.000000e-01  4.242598  3.763583 0.134743 
  8.050000e-01  4.241228  3.761576 0.134744 
  8.100000e-01  4.239942  3.759677 0.134744 
  8.150000e-01  4.238735  3.757882 0.134745 
  8.200000e-01  4.237604  3.756187 0.134745 
  8.250000e-01  4.236544  3.754587 0.134745 
  8.300000e-01  4.235552  3.753077 0.134746 
  8.350000e-01  4.234625  3.751655 0.134746 
  8.400000e-01  4.233757  3.750316 0.134746 
  8.450000e-01  4.232948  3.749056 0.134747 
  8.500000e-01  4.232192  3.747871 0.134747 
  8.550000e-01  4.231487  3.746758 0.134747 
  8.600000e-01  4.230830  3.745713 0.134748 
  8.650000e-01  4.230217  3.744733 0.134748 
  8.700000e-01  4.229648  3.743814 0.134748 
  8.750000e-01  4.229117  3.742953 0.134748 
  8.800000e-01  4.228624  3.742147 0.134749 
  8.850000e-01  4.228166  3.741393 0.134749 
  8.900000e-01  4.227741  3.740688 0.134749 
  8.950000e-01  4.227346  3.740029 0.134749 
  9.000000e-01  4.226979  3.739414 0.134750 
  9.050000e-01  4.226639  3.738840 0.134750 
  9.100000e-01  4.226323  3.738304 0.134750 
  9.150000e-01  4.226031  3.737805 0.134750 
  9.200000e-01  4.225759  3.737340 0.134750 
  9.250000e-01  4.225508  3.736907 0.134751 
  9.300000e-01  4.225275  3.736504 0.134751 
  9.350000e-01  4.225059  3.736128 0.134751 
  9.400000e-01  4.224859  3.735780 0.134751 
  9.450000e-01  4.224674  3.735455 0.134751 
  9.500000e-01  4.224503  3.735154 0.134751 
  9.550000e-01  4.224344  3.734874 0.134751 
  9.600000e-01  4.224197  3.734614 0.134751 
  9.650000e-01  4.224060  3.734373 0.134752 
  9.700000e-01  4.223934  3.734148 0.134752 
  9.750000e-01  4.223817  3.733941 0.134752 
  9.800000e-01  4.223708  3.733748 0.134752 
  9.850000e-01  4.223608  3.733569 0.134752 
  9.900000e-01  4.223514  3.733403 0.134752 
  9.950000e-01  4.223428  3.733249 0.134752 
  1.000000e+00  4.223347  3.733106 0.134752 
  1.005000e+00  4.223272  3.732974 0.134752 
  1.010000e+00  4.223203  3.732851 0.134752 
  1.015000e+00  4.223138  3.732738 0.134752 
  1.020000e+00  4.223078  3.732632 0.134752 
  1.025000e+00  4.223022  3.732534 0.134752 
  1.030000e+00  4.222970  3.732444 0.134752 
  1.035000e+00  4.222921  3.732359 0.134752 
  1.040000e+00  4.222875  3.732281 0.134753 
  1.045000e+00  4.222833  3.732208 0.134753 
  1.050000e+00  4.222793  3.732141 0.134753 
  1.055000e+00  4.222755  3.732078 0.134753 
  1.060000e+00  4.222720  3.732020 0.134753 
  1.065000e+00  4.222686  3.731965 0.134753 
  1.070000e+00  4.222655  3.731915 0.134753 
  1.075000e+00  4.222626  3.731867 0.134753 
  1.080000e+00  4.222598  3.731823 0.134753 
  1.085000e+00  4.222571  3.731782 0.134753 
  1.090000e+00  4.222546  3.731744 0.134753 
  1.095000e+00  4.222522  3.731708 0.134753 
  1.100000e+00  4.222500  3.731674 0.134753 
  1.105000e+00  4.222478  3.731642 0.134753 
  1.110000e+00  4.222458  3.731613 0.134753 
  1.115000e+00  4.222438  3.731585 0.134753 
  1.120000e+00  4.222419  3.731558 0.134753 
  1.125000e+00  4.222401  3.731533 0.134753 
  1.130000e+00  4.222384  3.731510 0.134753 
  1.135000e+00  4.222367  3.731488 0.134753 
  1.140000e+00  4.222351  3.731467 0.134753 
  1.145000e+00  4.222336  3.731447 0.134753 
  1.150000e+00  4.222321  3.731428 0.134753 
  1.155000e+00  4.222306  3.731410 0.134753 
  1.160000e+00  4.222292  3.731393 0.134753 
  1.165000e+00  4.222279  3.731376 0.134753 
  1.170000e+00  4.222266  3.731361 0.134753 
  1.175000e+00  4.222253  3.731346 0.134753 
  1.180000e+00  4.222240  3.731331 0.134753 
  1.185000e+00  4.222228  3.731317 0.134753 
  1.190000e+00  4.222217  3.731304 0.134753 
  1.195000e+00  4.222205  3.731291 0.134753 
  1.200000e+00  4.222194  3.731279 0.134753 
  1.205000e+00  4.222183  3.731267 0.134753 
  1.210000e+00  4.222173  3.731256 0.134753 
  1.215000e+00  4.222162  3.731244 0.134753 
  1.220000e+00  4.222152  3.731234 0.134753 
  1.225000e+00  4.222143  3.731223 0.134753 
  1.230000e+00  4.222133  3.731213 0.134753 
  1.235000e+00  4.222124  3.731203 0.134753 
  1.240000e+00  4.222114  3.731194 0.134753 
  1.245000e+00  4.222105  3.731185 0.134753 
  1.250000e+00  4.222097  3.731176 0.134753 
  1.255000e+00  4.222088  3.731167 0.134753 
  1.260000e+00  4.222080  3.731158 0.134753 
  1.265000e+00  4.222071  3.731150 0.134753 
  1.270000e+00  4.222063  3.731142 0.134753 
  1.275000e+00  4.222056  3.731134 0.134753 
  1.280000e+00  4.222048  3.731126 0.134753 
  1.285000e+00  4.222040  3.731118 0.134753 
  1.290000e+00  4.222033  3.731111 0.134753 
  1.295000e+00  4.222026  3.731104 0.134753 
  1.300000e+00  4.222019  3.731097 0.134753 
  1.305000e+00  4.222012  3.731090 0.134753 
  1.310000e+00  4.222005  3.731083 0.134753 
  1.315000e+00  4.221998  3.731076 0.134753 
  1.320000e+00  4.221992  3.731070 0.134753 
  1.325000e+00  4.221985  3.731063 0.134753 
  1.330000e+00  4.221979  3.731057 0.134753 
  1.335000e+00  4.221973  3.731051 0.134753 
  1.340000e+00  4.221967  3.731045 0.134753 
  1.345000e+00  4.221961  3.731039 0.134753 
  1.350000e+00  4.221955  3.731034 0.134753 
  1.355000e+00  4.221949  3.731028 0.134753 
  1.360000e+00  4.221944  3.731023 0.134753 
  1.365000e+00  4.221938  3.731017 0.134753 
  1.370000e+00  4.221933  3.731012 0.134753 
  1.375000e+00  4.221928  3.731007 0.134753 
  1.380000e+00  4.221923  3.731002 0.134753 
  1.385000e+00  4.221918  3.730997 0.134753 
  1.390000e+00  4.221913  3.730992 0.134753 
  1.395000e+00  4.221908  3.730987 0.134753 
  1.400000e+00  4.221903  3.730983 0.134753 
  1.405000e+00  4.221899  3.730978 0.134753 
  1.410000e+00  4.221894  3.730974 0.134753 
  1.415000e+00  4.221890  3.730969 0.134753 
  1.420000e+00  4.221885  3.730965 0.134753 
  1.425000e+00  4.221881  3.730961 0.134753 
  1.430000e+00  4.221877  3.730957 0.134753 
  1.435000e+00  4.221873  3.730953 0.134753 
  1.440000e+00  4.221869  3.730949 0.134753 
  1.445000e+00  4.221865  3.730945 0.134753 
  1.450000e+00  4.221861  3.730941 0.134753 
  1.455000e+00  4.221858  3.730937 0.134753 
  1.460000e+00  4.221854  3.730934 0.134753 
  1.465000e+00  4.221850  3.730930 0.134753 
  1.470000e+00  4.221847  3.730927 0.134753 
  1.475000e+00  4.221843  3.730923 0.134753 
  1.480000e+00  4.221840  3.730920 0.134753 
  1.485000e+00  4.221837  3.730917 0.134753 
  1.490000e+00  4.221833  3.730914 0.134753 
  1.495000e+00  4.221830  3.730910 0.134753 
  1.500000e+00  4.221827  3.730907 0.134753 
  1.505000e+00  4.221824  3.730904 0.134753 
  1.510000e+00  4.221821  3.730901 0.134753 
  1.515000e+00  4.221818  3.730899 0.134753 
  1.520000e+00  4.221815  3.730896 0.134753 
  1.525000e+00  4.221813  3.730893 0.134753 
  1.530000e+00  4.221810  3.730890 0.134753 
  1.535000e+00  4.221807  3.730888 0.134753 
  1.540000e+00  4.221805  3.730885 0.134753 
  1.545000e+00  4.221802  3.730882 0.134753 
  1.550000e+00  4.221800  3.730880 0.134753 
  1.555000e+00  4.221797  3.730877 0.134753 
  1.560000e+00  4.221795  3.730875 0.134753 
  1.565000e+00  4.221792  3.730873 0.134753 
  1.570000e+00  4.221790  3.730870 0.134753 
  1.575000e+00  4.221788  3.730868 0.134753 
  1.580000e+00  4.221785  3.730866 0.134753 
  1.585000e+00  4.221783  3.730864 0.134753 
  1.590000e+00  4.221781  3.730862 0.134753 
  1.595000e+00  4.221779  3.730860 0.134753 
  1.600000e+00  4.221777  3.730858 0.134753 
  1.605000e+00  4.221775  3.730856 0.134753 
  1.610000e+00  4.221773  3.730854 0.134753 
  1.615000e+00  4.221771  3.730852 0.134753 
  1.620000e+00  4.221769  3.730850 0.134753 
  1.625000e+00  4.221767  3.730848 0.134753 
  1.630000e+00  4.221766  3.730846 0.134753 
  1.635000e+00  4.221764  3.730845 0.134753 
  1.640000e+00  4.221762  3.730843 0.134753 
  1.645000e+00  4.221760  3.730841 0.134753 
  1.650000e+00  4.221759  3.730840 0.134753 
  1.655000e+00  4.221757  3.730838 0.134753 
  1.660000e+00  4.221756  3.730836 0.134753 
  1.665000e+00  4.221754  3.730835 0.134753 
  1.670000e+00  4.221752  3.730833 0.134753 
  1.675000e+00  4.221751  3.730832 0.134753 
  1.680000e+00  4.221749  3.730830 0.134753 
  1.685000e+00  4.221748  3.730829 0.134753 
  1.690000e+00  4.221747  3.730827 0.134753 
  1.695000e+00  4.221745  3.730826 0.134753 
  1.700000e+00  4.221744  3.730825 0.134753 
  1.705000e+00  4.221743  3.730823 0.134753 
  1.710000e+00  4.221741  3.730822 0.134753 
  1.715000e+00  4.221740  3.730821 0.134753 
  1.720000e+00  4.221739  3.730820 0.134753 
  1.725000e+00  4.221737  3.730818 0.134753 
  1.730000e+00  4.221736  3.730817 0.134753 
  1.735000e+00  4.221735  3.730816 0.134753 
  1.740000e+00  4.221734  3.730815 0.134753 
  1.745000e+00  4.221733  3.730814 0.134753 
  1.750000e+00  4.221732  3.730813 0.134753 
  1.755000e+00  4.221731  3.730812 0.134753 
  1.760000e+00  4.221730  3.730811 0.134753 
  1.765000e+00  4.221729  3.730810 0.134753 
  1.770000e+00  4.221728  3.730809 0.134753 
  1.775000e+00  4.221727  3.730808 0.134753 
  1.780000e+00  4.221726  3.730807 0.134753 
  1.785000e+00  4.221725  3.730806 0.134753 
  1.790000e+00  4.221724  3.730805 0.134753 
  1.795000e+00  4.221723  3.730804 0.134753 
  1.800000e+00  4.221722  3.730803 0.134753 
  1.805000e+00  4.221721  3.730802 0.134753 
  1.810000e+00  4.221720  3.730801 0.134753 
  1.815000e+00  4.221719  3.730800 0.134753 
  1.820000e+00  4.221718  3.730800 0.134753 
  1.825000e+00  4.221718  3.730799 0.134753 
  1.830000e+00  4.221717  3.730798 0.134753 
  1.835000e+00  4.221716  3.730797 0.134753 
  1.840000e+00  4.221715  3.730796 0.134753 
  1.845000e+00  4.221715  3.730796 0.134753 
  1.850000e+00  4.221714  3.730795 0.134753 
  1.855000e+00  4.221713  3.730794 0.134753 
  1.860000e+00  4.221712  3.730794 0.134753 
  1.865000e+00  4.221712  3.730793 0.134753 
  1.870000e+00  4.221711  3.730792 0.134753 
  1.875000e+00  4.221710  3.730792 0.134753 
  1.880000e+00  4.221710  3.730791 0.134753 
  1.885000e+00  4.221709  3.730790 0.134753 
  1.890000e+00  4.221708  3.730790 0.134753 
  1.895000e+00  4.221708  3.730789 0.134753 
  1.900000e+00  4.221707  3.730788 0.134753 
  1.905000e+00  4.221707  3.730788 0.134753 
  1.910000e+00  4.221706  3.730787 0.134753 
  1.915000e+00  4.221705  3.730787 0.134753 
  1.920000e+00  4.221705  3.730786 0.134753 
  1.925000e+00  4.221704  3.730786 0.134753 
  1.930000e+00  4.221704  3.730785 0.134753 
  1.935000e+00  4.221703  3.730785 0.134753 
  1.940000e+00  4.221703  3.730784 0.134753 
  1.945000e+00  4.221702  3.730784 0.134753 
  1.950000e+00  4.221702  3.730783 0.134753 
  1.955000e+00  4.221701  3.730783 0.134753 
  1.960000e+00  4.221701  3.730782 0.134753 
  1.965000e+00  4.221700  3.730782 0.134753 
  1.970000e+00  4.221700  3.730781 0.134753 
  1.975000e+00  4.221700  3.730781 0.134753 
  1.980000e+00  4.221699  3.730780 0.134753 
  1.985000e+00  4.221699  3.730780 0.134753 
  1.990000e+00  4.221698  3.730780 0.134753 
  1.995000e+00  4.221698  3.730779 0.134753 
  2.000000e+00  4.221697  3.730779 0.134753 
  2.005000e+00  4.221697  3.730778 0.134753 
  2.010000e+00  4.221697  3.730778 0.134753 
  2.015000e+00  4.221696  3.730778 0.134753 
  2.020000e+00  4.221696  3.730777 0.134753 
  2.025000e+00  4.221696  3.730777 0.134753 
  2.030000e+00  4.221695  3.730777 0.134753 
  2.035000e+00  4.221695  3.730776 0.134753 
  2.040000e+00  4.221695  3.730776 0.134753 
  2.045000e+00  4.221694  3.730776 0.134753 
  2.050000e+00  4.221694  3.730775 0.134753 
  2.055000e+00  4.221694  3.730775 0.134753 
  2.060000e+00  4.221693  3.730775 0.134753 
  2.065000e+00  4.221693  3.730774 0.134753 
  2.070000e+00  4.221693  3.730774 0.134753 
  2.075000e+00  4.221692  3.730774 0.134753 
  2.080000e+00  4.221692  3.730773 0.134753 
  2.085000e+00  4.221692  3.730773 0.134753 
  2.090000e+00  4.221691  3.730773 0.134753 
  2.095000e+00  4.221691  3.730773 0.134753 
  2.100000e+00  4.221691  3.730772 0.134753 
  2.105000e+00  4.221691  3.730772 0.134753 
  2.110000e+00  4.221690  3.730772 0.134753 
  2.115000e+00  4.221690  3.730772 0.134753 
  2.120000e+00  4.221690  3.730771 0.134753 
  2.125000e+00  4.221690  3.730771 0.134753 
  2.130000e+00  4.221689  3.730771 0.134753 
  2.135000e+00  4.221689  3.730771 0.134753 
  2.140000e+00  4.221689  3.730770 0.134753 
  2.145000e+00  4.221689  3.730770 0.134753 
  2.150000e+00  4.221689  3.730770 0.134753 
  2.155000e+00  4.221688  3.730770 0.134753 
  2.160000e+00  4.221688  3.730770 0.134753 
  2.165000e+00  4.221688  3.730769 0.134753 
  2.170000e+00  4.221688  3.730769 0.134753 
  2.175000e+00  4.221687  3.730769 0.134753 
  2.180000e+00  4.221687  3.730769 0.134753 
  2.185000e+00  4.221687  3.730769 0.134753 
  2.190000e+00  4.221687  3.730768 0.134753 
  2.195000e+00  4.221687  3.730768 0.134753 
  2.200000e+00  4.221687  3.730768 0.134753 
  2.205000e+00  4.221686  3.730768 0.134753 
  2.210000e+00  4.221686  3.730768 0.134753 
  2.215000e+00  4.221686  3.730767 0.134753 
  2.220000e+00  4.221686  3.730767 0.134753 
  2.225000e+00  4.221686  3.730767 0.134753 
  2.230000e+00  4.221686  3.730767 0.134753 
  2.235000e+00  4.221685  3.730767 0.134753 
  2.240000e+00  4.221685  3.730767 0.134753 
  2.245000e+00  4.221685  3.730767 0.134753 
  2.250000e+00  4.221685  3.730766 0.134753 
  2.255000e+00  4.221685  3.730766 0.134753 
  2.260000e+00  4.221685  3.730766 0.134753 
  2.265000e+00  4.221685  3.730766 0.134753 
  2.270000e+00  4.221684  3.730766 0.134753 
  2.275000e+00  4.221684  3.730766 0.134753 
  2.280000e+00  4.221684  3.730766 0.134753 
  2.285000e+00  4.221684  3.730765 0.134753 
  2.290000e+00  4.221684  3.730765 0.134753 
  2.295000e+00  4.221684  3.730765 0.134753 
  2.300000e+00  4.221684  3.730765 0.134753 
  2.305000e+00  4.221684  3.730765 0.134753 
  2.310000e+00  4.221683  3.730765 0.134753 
  2.315000e+00  4.221683  3.730765 0.134753 
  2.320000e+00  4.221683  3.730765 0.134753 
  2.325000e+00  4.221683  3.730765 0.134753 
  2.330000e+00  4.221683  3.730764 0.134753 
  2.335000e+00  4.221683  3.730764 0.134753 
  2.340000e+00  4.221683  3.730764 0.134753 
  2.345000e+00  4.221683  3.730764 0.134753 
  2.350000e+00  4.221683  3.730764 0.134753 
  2.355000e+00  4.221682  3.730764 0.134753 
  2.360000e+00  4.221682  3.730764 0.134753 
  2.365000e+00  4.221682  3.730764 0.134753 
  2.370000e+00  4.221682  3.730764 0.134753 
  2.375000e+00  4.221682  3.730764 0.134753 
  2.380000e+00  4.221682  3.730764 0.134753 
  2.385000e+00  4.221682  3.730763 0.134753 
  2.390000e+00  4.221682  3.730763 0.134753 
  2.395000e+00  4.221682  3.730763 0.134753 
  2.400000e+00  4.221682  3.730763 0.134753 
  2.405000e+00  4.221682  3.730763 0.134753 
  2.410000e+00  4.221682  3.730763 0.134753 
  2.415000e+00  4.221681  3.730763 0.134753 
  2.420000e+00  4.221681  3.730763 0.134753 
  2.425000e+00  4.221681  3.730763 0.134753 
  2.430000e+00  4.221681  3.730763 0.134753 
  2.435000e+00  4.221681  3.730763 0.134753 
  2.440000e+00  4.221681  3.730763 0.134753 
  2.445000e+00  4.221681  3.730763 0.134753 
  2.450000e+00  4.221681  3.730762 0.134753 
  2.455000e+00  4.221681  3.730762 0.134753 
  2.460000e+00  4.221681  3.730762 0.134753 
  2.465000e+00  4.221681  3.730762 0.134753 
  2.470000e+00  4.221681  3.730762 0.134753 
  2.475000e+00  4.221681  3.730762 0.134753 
  2.480000e+00  4.221681  3.730762 0.134753 
  2.485000e+00  4.221681  3.730762 0.134753 
  2.490000e+00  4.221681  3.730762 0.134753 
  2.495000e+00  4.221680  3.730762 0.134753 
  2.500000e+00  4.221680  3.730762 0.134753 
  2.505000e+00  4.221680  3.730762 0.134753 
  2.510000e+00  4.221680  3.730762 0.134753 
  2.515000e+00  4.221680  3.730762 0.134753 
  2.520000e+00  4.221680  3.730762 0.134753 
  2.525000e+00  4.221680  3.730762 0.134753 
  2.530000e+00  4.221680  3.730762 0.134753 
  2.535000e+00  4.221680  3.730762 0.134753 
  2.540000e+00  4.221680  3.730762 0.134753 
  2.545000e+00  4.221680  3.730761 0.134753 
  2.550000e+00  4.221680  3.730761 0.134753 
  2.555000e+00  4.221680  3.730761 0.134753 
  2.560000e+00  4.221680  3.730761 0.134753 
  2.565000e+00  4.221680  3.730761 0.134753 
  2.570000e+00  4.221680  3.730761 0.134753 
  2.575000e+00  4.221680  3.730761 0.134753 
  2.580000e+00  4.221680  3.730761 0.134753 
  2.585000e+00  4.221680  3.730761 0.134753 
  2.590000e+00  4.221680  3.730761 0.134753 
  2.595000e+00  4.221680  3.730761 0.134753 
  2.600000e+00  4.221680  3.730761 0.134753 
  2.605000e+00  4.221680  3.730761 0.134753 
  2.610000e+00  4.221679  3.730761 0.134753 
  2.615000e+00  4.221679  3.730761 0.134753 
  2.620000e+00  4.221679  3.730761 0.134753 
  2.625000e+00  4.221679  3.730761 0.134753 
  2.630000e+00  4.221679  3.730761 0.134753 
  2.635000e+00  4.221679  3.730761 0.134753 
  2.640000e+00  4.221679  3.730761 0.134753 
  2.645000e+00  4.221679  3.730761 0.134753 
  2.650000e+00  4.221679  3.730761 0.134753 
  2.655000e+00  4.221679  3.730761 0.134753 
  2.660000e+00  4.221679  3.730761 0.134753 
  2.665000e+00  4.221679  3.730761 0.134753 
  2.670000e+00  4.221679  3.730761 0.134753 
  2.675000e+00  4.221679  3.730761 0.134753 
  2.680000e+00  4.221679  3.730761 0.134753 
  2.685000e+00  4.221679  3.730761 0.134753 
  2.690000e+00  4.221679  3.730761 0.134753 
  2.695000e+00  4.221679  3.730761 0.134753 
  2.700000e+00  4.221679  3.730760 0.134753 
  2.705000e+00  4.221679  3.730760 0.134753 
  2.710000e+00  4.221679  3.730760 0.134753 
  2.715000e+00  4.221679  3.730760 0.134753 
  2.720000e+00  4.221679  3.730760 0.134753 
  2.725000e+00  4.221679  3.730760 0.134753 
  2.730000e+00  4.221679  3.730760 0.134753 
  2.735000e+00  4.221679  3.730760 0.134753 
  2.740000e+00  4.221679  3.730760 0.134753 
  2.745000e+00  4.221679  3.730760 0.134753 
  2.750000e+00  4.221679  3.730760 0.134753 
  2.755000e+00  4.221679  3.730760 0.134753 
  2.760000e+00  4.221679  3.730760 0.134753 
  2.765000e+00  4.221679  3.730760 0.134753 
  2.770000e+00  4.221679  3.730760 0.134753 
  2.775000e+00  4.221679  3.730760 0.134753 
  2.780000e+00  4.221679  3.730760 0.134753 
  2.785000e+00  4.221679  3.730760 0.134753 
  2.790000e+00  4.221679  3.730760 0.134753 
  2.795000e+00  4.221679  3.730760 0.134753 
  2.800000e+00  4.221679  3.730760 0.134753 
  2.805000e+00  4.221679  3.730760 0.134753 
  2.810000e+00  4.221679  3.730760 0.134753 
  2.815000e+00  4.221679  3.730760 0.134753 
  2.820000e+00  4.221679  3.730760 0.134753 
  2.825000e+00  4.221679  3.730760 0.134753 
  2.830000e+00  4.221678  3.730760 0.134753 
  2.835000e+00  4.221678  3.730760 0.134753 
  2.840000e+00  4.221678  3.730760 0.134753 
  2.845000e+00  4.221678  3.730760 0.134753 
  2.850000e+00  4.221678  3.730760 0.134753 
  2.855000e+00  4.221678  3.730760 0.134753 
  2.860000e+00  4.221678  3.730760 0.134753 
  2.865000e+00  4.221678  3.730760 0.134753 
  2.870000e+00  4.221678  3.730760 0.134753 
  2.875000e+00  4.221678  3.730760 0.134753 
  2.880000e+00  4.221678  3.730760 0.134753 
  2.885000e+00  4.221678  3.730760 0.134753 
  2.890000e+00  4.221678  3.730760 0.134753 
  2.895000e+00  4.221678  3.730760 0.134753 
  2.900000e+00  4.221678  3.730760 0.134753 
  2.905000e+00  4.221678  3.730760 0.134753 
  2.910000e+00  4.221678  3.730760 0.134753 
  2.915000e+00  4.221678  3.730760 0.134753 
  2.920000e+00  4.221678  3.730760 0.134753 
  2.925000e+00  4.221678  3.730760 0.134753 
  2.930000e+00  4.221678  3.730760 0.134753 
  2.935000e+00  4.221678  3.730760 0.134753 
  2.940000e+00  4.221678  3.730760 0.134753 
  2.945000e+00  4.221678  3.730760 0.134753 
  2.950000e+00  4.221678  3.730760 0.134753 
  2.955000e+00  4.221678  3.730760 0.134753 
  2.960000e+00  4.221678  3.730760 0.134753 
  2.965000e+00  4.221678  3.730760 0.134753 
  2.970000e+00  4.221678  3.730760 0.134753 
  2.975000e+00  4.221678  3.730760 0.134753 
  2.980000e+00  4.221678  3.730760 0.134753 
  2.985000e+00  4.221678  3.730760 0.134753 
  2.990000e+00  4.221678  3.730760 0.134753 
  2.995000e+00  4.221678  3.730760 0.134753 
  3.000000e+00  4.221678  3.730760 0.134753 
  3.005000e+00  4.221678  3.730760 0.134753 
  3.010000e+00  4.221678  3.730760 0.134753 
  3.015000e+00  4.221678  3.730760 0.134753 
  3.020000e+00  4.221678  3.730760 0.134753 
  3.025000e+00  4.221678  3.730760 0.134753 
  3.030000e+00  4.221678  3.730760 0.134753 
  3.035000e+00  4.221678  3.730760 0.134753 
  3.040000e+00  4.221678  3.730760 0.134753 
  3.045000e+00  4.221678  3.730760 0.134753 
  3.050000e+00  4.221678  3.730760 0.134753 
  3.055000e+00  4.221678  3.730760 0.134753 
  3.060000e+00  4.221678  3.730760 0.134753 
  3.065000e+00  4.221678  3.730760 0.134753 
  3.070000e+00  4.221678  3.730760 0.134753 
  3.075000e+00  4.221678  3.730760 0.134753 
  3.080000e+00  4.221678  3.730760 0.134753 
  3.085000e+00  4.221678  3.730760 0.134753 
  3.090000e+00  4.221678  3.730760 0.134753 
  3.095000e+00  4.221678  3.730760 0.134753 
  3.100000e+00  4.221678  3.730760 0.134753 
  3.105000e+00  4.221678  3.730760 0.134753 
  3.110000e+00  4.221678  3.730760 0.134753 
  3.115000e+00  4.221678  3.730760 0.134753 
  3.120000e+00  4.221678  3.730760 0.134753 
  3.125000e+00  4.221678  3.730760 0.134753 
  3.130000e+00  4.221678  3.730760 0.134753 
  3.135000e+00  4.221678  3.730760 0.134753 
  3.140000e+00  4.221678  3.730760 0.134753 
  3.145000e+00  4.221678  3.730760 0.134753 
  3.150000e+00  4.221678  3.730760 0.134753 
  3.155000e+00  4.221678  3.730760 0.134753 
  3.160000e+00  4.221678  3.730760 0.134753 
  3.165000e+00  4.221678  3.730760 0.134753 
  3.170000e+00  4.221678  3.730760 0.134753 
  3.175000e+00  4.221678  3.730760 0.134753 
  3.180000e+00  4.221678  3.730760 0.134753 
  3.185000e+00  4.221678  3.730759 0.134753 
  3.190000e+00  4.221678  3.730759 0.134753 
  3.195000e+00  4.221678  3.730759 0.134753 
  3.200000e+00  4.221678  3.730759 0.134753 
  3.205000e+00  4.221678  3.730759 0.134753 
  3.210000e+00  4.221678  3.730759 0.134753 
  3.215000e+00  4.221678  3.730759 0.134753 
  3.220000e+00  4.221678  3.730759 0.134753 
  3.225000e+00  4.221678  3.730759 0.134753 
  3.230000e+00  4.221678  3.730759 0.134753 
  3.235000e+00  4.221678  3.730759 0.134753 
  3.240000e+00  4.221678  3.730759 0.134753 
  3.245000e+00  4.221678  3.730759 0.134753 
  3.250000e+00  4.221678  3.730759 0.134753 
  3.255000e+00  4.221678  3.730759 0.134753 
  3.260000e+00  4.221678  3.730759 0.134753 
  3.265000e+00  4.221678  3.730759 0.134753 
  3.270000e+00  4.221678  3.730759 0.134753 
  3.275000e+00  4.221678  3.730759 0.134753 
  3.280000e+00  4.221678  3.730759 0.134753 
  3.285000e+00  4.221678  3.730759 0.134753 
  3.290000e+00  4.221678  3.730759 0.134753 
  3.295000e+00  4.221678  3.730759 0.134753 
  3.300000e+00  4.221678  3.730759 0.134753 
  3.305000e+00  4.221678  3.730759 0.134753 
  3.310000e+00  4.221678  3.730759 0.134753 
  3.315000e+00  4.221678  3.730759 0.134753 
  3.320000e+00  4.221678  3.730759 0.134753 
  3.325000e+00  4.221678  3.730759 0.134753 
  3.330000e+00  4.221678  3.730759 0.134753 
  3.335000e+00  4.221678  3.730759 0.134753 
  3.340000e+00  4.221678  3.730759 0.134753 
  3.345000e+00  4.221678  3.730759 0.134753 
  3.350000e+00  4.221678  3.730759 0.134753 
  3.355000e+00  4.221678  3.730759 0.134753 
  3.360000e+00  4.221678  3.730759 0.134753 
  3.365000e+00  4.221678  3.730759 0.134753 
  3.370000e+00  4.221678  3.730759 0.134753 
  3.375000e+00  4.221678  3.730759 0.134753 
  3.380000e+00  4.221678  3.730759 0.134753 
  3.385000e+00  4.221678  3.730759 0.134753 
  3.390000e+00  4.221678  3.730759 0.134753 
  3.395000e+00  4.221678  3.730759 0.134753 
  3.400000e+00  4.221678  3.730759 0.134753 
  3.405000e+00  4.221678  3.730759 0.134753 
  3.410000e+00  4.221678  3.730759 0.134753 
  3.415000e+00  4.221678  3.730759 0.134753 
  3.420000e+00  4.221678  3.730759 0.134753 
  3.425000e+00  4.221678  3.730759 0.134753 
  3.430000e+00  4.221678  3.730759 0.134753 
  3.435000e+00  4.221678  3.730759 0.134753 
  3.440000e+00  4.221678  3.730759 0.134753 
  3.445000e+00  4.221678  3.730759 0.134753 
  3.450000e+00  4.221678  3.730759 0.134753 
  3.455000e+00  4.221678  3.730759 0.134753 
  3.460000e+00  4.221678  3.730759 0.134753 
  3.465000e+00  4.221678  3.730759 0.134753 
  3.470000e+00  4.221678  3.730759 0.134753 
  3.475000e+00  4.221678  3.730759 0.134753 
  3.480000e+00  4.221678  3.730759 0.134753 
  3.485000e+00  4.221678  3.730759 0.134753 
  3.490000e+00  4.221678  3.730759 0.134753 
  3.495000e+00  4.221678  3.730759 0.134753 
  3.500000e+00  4.221678  3.730759 0.134753 
  3.505000e+00  4.221678  3.730759 0.134753 
  3.510000e+00  4.221678  3.730759 0.134753 
  3.515000e+00  4.221678  3.730759 0.134753 
  3.520000e+00  4.221678  3.730759 0.134753 
  3.525000e+00  4.221678  3.730759 0.134753 
  3.530000e+00  4.221678  3.730759 0.134753 
  3.535000e+00  4.221678  3.730759 0.134753 
  3.540000e+00  4.221678  3.730759 0.134753 
  3.545000e+00  4.221678  3.730759 0.134753 
  3.550000e+00  4.221678  3.730759 0.134753 
  3.555000e+00  4.221678  3.730759 0.134753 
  3.560000e+00  4.221678  3.730759 0.134753 
  3.565000e+00  4.221678  3.730759 0.134753 
  3.570000e+00  4.221678  3.730759 0.134753 
  3.575000e+00  4.221678  3.730759 0.134753 
  3.580000e+00  4.221678  3.730759 0.134753 
  3.585000e+00  4.221678  3.730759 0.134753 
  3.590000e+00  4.221678  3.730759 0.134753 
  3.595000e+00  4.221678  3.730759 0.134753 
  3.600000e+00  4.221678  3.730759 0.134753 
  3.605000e+00  4.221678  3.730759 0.134753 
  3.610000e+00  4.221678  3.730759 0.134753 
  3.615000e+00  4.221678  3.730759 0.134753 
  3.620000e+00  4.221678  3.730759 0.134753 
  3.625000e+00  4.221678  3.730759 0.134753 
  3.630000e+00  4.221678  3.730759 0.134753 
  3.635000e+00  4.221678  3.730759 0.134753 
  3.640000e+00  4.221678  3.730759 0.134753 
  3.645000e+00  4.221678  3.730759 0.134753 
  3.650000e+00  4.221678  3.730759 0.134753 
  3.655000e+00  4.221678  3.730759 0.134753 
  3.660000e+00  4.221678  3.730759 0.134753 
  3.665000e+00  4.221678  3.730759 0.134753 
  3.670000e+00  4.221678  3.730759 0.134753 
  3.675000e+00  4.221678  3.730759 0.134753 
  3.680000e+00  4.221678  3.730759 0.134753 
  3.685000e+00  4.221678  3.730759 0.134753 
  3.690000e+00  4.221678  3.730759 0.134753 
  3.695000e+00  4.221678  3.730759 0.134753 
  3.700000e+00  4.221678  3.730759 0.134753 
  3.705000e+00  4.221678  3.730759 0.134753 
  3.710000e+00  4.221678  3.730759 0.134753 
  3.715000e+00  4.221678  3.730759 0.134753 
  3.720000e+00  4.221678  3.730759 0.134753 
  3.725000e+00  4.221678  3.730759 0.134753 
  3.730000e+00  4.221678  3.730759 0.134753 
  3.735000e+00  4.221678  3.730759 0.134753 
  3.740000e+00  4.221678  3.730759 0.134753 
  3.745000e+00  4.221678  3.730759 0.134753 
  3.750000e+00  4.221678  3.730759 0.134753 
  3.755000e+00  4.221678  3.730759 0.134753 
  3.760000e+00  4.221678  3.730759 0.134753 
  3.765000e+00  4.221678  3.730759 0.134753 
  3.770000e+00  4.221678  3.730759 0.134753 
  3.775000e+00  4.221678  3.730759 0.134753 
  3.780000e+00  4.221678  3.730759 0.134753 
  3.785000e+00  4.221678  3.730759 0.134753 
  3.790000e+00  4.221678  3.730759 0.134753 
  3.795000e+00  4.221678  3.730759 0.134753 
  3.800000e+00  4.221678  3.730759 0.134753 
  3.805000e+00  4.221678  3.730759 0.134753 
  3.810000e+00  4.221678  3.730759 0.134753 
  3.815000e+00  4.221678  3.730759 0.134753 
  3.820000e+00  4.221678  3.730759 0.134753 
  3.825000e+00  4.221678  3.730759 0.134753 
  3.830000e+00  4.221678  3.730759 0.134753 
  3.835000e+00  4.221678  3.730759 0.134753 
  3.840000e+00  4.221678  3.730759 0.134753 
  3.845000e+00  4.221678  3.730759 0.134753 
  3.850000e+00  4.221678  3.730759 0.134753 
  3.855000e+00  4.221678  3.730759 0.134753 
  3.860000e+00  4.221678  3.730759 0.134753 
  3.865000e+00  4.221678  3.730759 0.134753 
  3.870000e+00  4.221678  3.730759 0.134753 
  3.875000e+00  4.221678  3.730759 0.134753 
  3.880000e+00  4.221678  3.730759 0.134753 
  3.885000e+00  4.221678  3.730759 0.134753 
  3.890000e+00  4.221678  3.730759 0.134753 
  3.895000e+00  4.221678  3.730759 0.134753 
  3.900000e+00  4.221678  3.730759 0.134753 
  3.905000e+00  4.221678  3.730759 0.134753 
  3.910000e+00  4.221678  3.730759 0.134753 
  3.915000e+00  4.221678  3.730759 0.134753 
  3.920000e+00  4.221678  3.730759 0.134753 
  3.925000e+00  4.221678  3.730759 0.134753 
  3.930000e+00  4.221678  3.730759 0.134753 
  3.935000e+00  4.221678  3.730759 0.134753 
  3.940000e+00  4.221678  3.730759 0.134753 
  3.945000e+00  4.221678  3.730759 0.134753 
  3.950000e+00  4.221678  3.730759 0.134753 
  3.955000e+00  4.221678  3.730759 0.134753 
  3.960000e+00  4.221678  3.730759 0.134753 
  3.965000e+00  4.221678  3.730759 0.134753 
  3.970000e+00  4.221678  3.730759 0.134753 
  3.975000e+00  4.221678  3.730759 0.134753 
  3.980000e+00  4.221678  3.730759 0.134753 
  3.985000e+00  4.221678  3.730759 0.134753 
  3.990000e+00  4.221678  3.730759 0.134753 
  3.995000e+00  4.221678  3.730759 0.134753 
  4.000000e+00  4.221678  3.730759 0.134753 
