  0.000000e+00  5.08588992 9.26697335 
  5.000000e-03  5.08588992 9.26692600 
  1.000000e-02  5.08588992 9.26711795 
  1.500000e-02  5.08588992 9.26753267 
  2.000000e-02  5.08588992 9.26703030 
  2.500000e-02  5.08588992 9.26718787 
  3.000000e-02  5.08588992 9.26757367 
  3.500000e-02  5.08588992 9.26712774 
  4.000000e-02  5.08588992 9.26735832 
  4.500000e-02  5.08588992 9.26787179 
  5.000000e-02  5.08588992 9.26752057 
  5.500000e-02  5.08588992 9.26712707 
  6.000000e-02  5.08588992 9.26692772 
  6.500000e-02  5.08588992 9.26684478 
  7.000000e-02  5.08588992 9.26681114 
  7.500000e-02  5.08588992 9.26679060 
  8.000000e-02  5.08588992 9.26675758 
  8.500000e-02  5.08588992 9.26688376 
  9.000000e-02  5.08588992 9.26702437 
  9.500000e-02  5.08588992 9.26715572 
  1.000000e-01  5.08588992 9.26728071 
  1.050000e-01  5.08588992 9.26740874 
  1.100000e-01  5.08588992 9.26755182 
  1.150000e-01  5.08588992 9.26772443 
  1.200000e-01  5.08588992 9.26769999 
  1.250000e-01  5.08588992 9.26766604 
  1.300000e-01  5.08588992 9.26764169 
  1.350000e-01  5.08588992 9.26762232 
  1.400000e-01  5.08588992 9.26760092 
  1.450000e-01  5.08588992 9.26756842 
  1.500000e-01  5.08588992 9.26760864 
  1.550000e-01  5.08588992 9.26765753 
  1.600000e-01  5.08588992 9.26770447 
  1.650000e-01  5.08588992 9.26775034 
  1.700000e-01  5.08588992 9.26779845 
  1.750000e-01  5.08588992 9.26785288 
  1.800000e-01  5.08588992 9.26791899 
  1.850000e-01  5.08588992 9.26790938 
  1.900000e-01  5.08588992 9.26789710 
  1.950000e-01  5.08588992 9.26788862 
  2.000000e-01  5.08588992 9.26788147 
  2.050000e-01  5.08588992 9.26787197 
  2.100000e-01  5.08588992 9.26785522 
  2.150000e-01  5.08588992 9.26787868 
  2.200000e-01  5.08588992 9.26790751 
  2.250000e-01  5.08588992 9.26793598 
  2.300000e-01  5.08588992 9.26796432 
  2.350000e-01  5.08588992 9.26799379 
  2.400000e-01  5.08588992 9.26802572 
  2.450000e-01  5.08588992 9.26806135 
  2.500000e-01  5.08588992 9.26810138 
  2.550000e-01  5.08588992 9.26809660 
  2.600000e-01  5.08588992 9.26808681 
  2.650000e-01  5.08588992 9.26807807 
  2.700000e-01  5.08588992 9.26806966 
  2.750000e-01  5.08588992 9.26805864 
  2.800000e-01  5.08588992 9.26806292 
  2.850000e-01  5.08588992 9.26807015 
  2.900000e-01  5.08588992 9.26807785 
  2.950000e-01  5.08588992 9.26808576 
  3.000000e-01  5.08588992 9.26809420 
  3.050000e-01  5.08588992 9.26810366 
  3.100000e-01  5.08588992 9.26811469 
  3.150000e-01  5.08588992 9.26812818 
  3.200000e-01  5.08588992 9.26813358 
  3.250000e-01  5.08588992 9.26813068 
  3.300000e-01  5.08588992 9.26812771 
  3.350000e-01  5.08588992 9.26812483 
  3.400000e-01  5.08588992 9.26812004 
  3.450000e-01  5.08588992 9.26811893 
  3.500000e-01  5.08588992 9.26812331 
  3.550000e-01  5.08588992 9.26812898 
  3.600000e-01  5.08588992 9.26813512 
  3.650000e-01  5.08588992 9.26814170 
  3.700000e-01  5.08588992 9.26814895 
  3.750000e-01  5.08588992 9.26815725 
  3.800000e-01  5.08588992 9.26816670 
  3.850000e-01  5.08588992 9.26817762 
  3.900000e-01  5.08588992 9.26818157 
  3.950000e-01  5.08588992 9.26817695 
  4.000000e-01  5.08588992 9.26817232 
  4.050000e-01  5.08588992 9.26817106 
  4.100000e-01  5.08588992 9.26817090 
  4.150000e-01  5.08588992 9.26817546 
  4.200000e-01  5.08588992 9.26818064 
  4.250000e-01  5.08588992 9.26818591 
  4.300000e-01  5.08588992 9.26819135 
  4.350000e-01  5.08588992 9.26819717 
  4.400000e-01  5.08588992 9.26820369 
  4.450000e-01  5.08588992 9.26821125 
  4.500000e-01  5.08588992 9.26821397 
  4.550000e-01  5.08588992 9.26821507 
  4.600000e-01  5.08588992 9.26821561 
  4.650000e-01  5.08588992 9.26821593 
  4.700000e-01  5.08588992 9.26821617 
  4.750000e-01  5.08588992 9.26821635 
  4.800000e-01  5.08588992 9.26821650 
  4.850000e-01  5.08588992 9.26821662 
  4.900000e-01  5.08588992 9.26821672 
  4.950000e-01  5.08588992 9.26821680 
  5.000000e-01  5.08588992 9.26821688 
  5.050000e-01  5.08588992 9.26821695 
  5.100000e-01  5.08588992 9.26821702 
  5.150000e-01  5.08588992 9.26821709 
  5.200000e-01  5.08588992 9.26821716 
  5.250000e-01  5.08588992 9.26821723 
  5.300000e-01  5.08588992 9.26821730 
  5.350000e-01  5.08588992 9.26821737 
  5.400000e-01  5.08588992 9.26821743 
  5.450000e-01  5.08588992 9.26821749 
  5.500000e-01  5.08588992 9.26821754 
  5.550000e-01  5.08588992 9.26821758 
  5.600000e-01  5.08588992 9.26821762 
  5.650000e-01  5.08588992 9.26821766 
  5.700000e-01  5.08588992 9.26821769 
  5.750000e-01  5.08588992 9.26821773 
  5.800000e-01  5.08588992 9.26821776 
  5.850000e-01  5.08588992 9.26821779 
  5.900000e-01  5.08588992 9.26821782 
  5.950000e-01  5.08588992 9.26821786 
  6.000000e-01  5.08588992 9.26821789 
  6.050000e-01  5.08588992 9.26821793 
  6.100000e-01  5.08588992 9.26821796 
  6.150000e-01  5.08588992 9.26821800 
  6.200000e-01  5.08588992 9.26821804 
  6.250000e-01  5.08588992 9.26821807 
  6.300000e-01  5.08588992 9.26821811 
  6.350000e-01  5.08588992 9.26821815 
  6.400000e-01  5.08588992 9.26821819 
  6.450000e-01  5.08588992 9.26821822 
  6.500000e-01  5.08588992 9.26821826 
  6.550000e-01  5.08588992 9.26821830 
  6.600000e-01  5.08588992 9.26821833 
  6.650000e-01  5.08588992 9.26821837 
  6.700000e-01  5.08588992 9.26821840 
  6.750000e-01  5.08588992 9.26821843 
  6.800000e-01  5.08588992 9.26821847 
  6.850000e-01  5.08588992 9.26821850 
  6.900000e-01  5.08588992 9.26821853 
  6.950000e-01  5.08588992 9.26821855 
  7.000000e-01  5.08588992 9.26821858 
  7.050000e-01  5.08588992 9.26821861 
  7.100000e-01  5.08588992 9.26821863 
  7.150000e-01  5.08588992 9.26821866 
  7.200000e-01  5.08588992 9.26821868 
  7.250000e-01  5.08588992 9.26821870 
  7.300000e-01  5.08588992 9.26821872 
  7.350000e-01  5.08588992 9.26821874 
  7.400000e-01  5.08588992 9.26821876 
  7.450000e-01  5.08588992 9.26821877 
  7.500000e-01  5.08588992 9.26821879 
  7.550000e-01  5.08588992 9.26821881 
  7.600000e-01  5.08588992 9.26821882 
  7.650000e-01  5.08588992 9.26821883 
  7.700000e-01  5.08588992 9.26821884 
  7.750000e-01  5.08588992 9.26821886 
  7.800000e-01  5.08588992 9.26821887 
  7.850000e-01  5.08588992 9.26821888 
  7.900000e-01  5.08588992 9.26821889 
  7.950000e-01  5.08588992 9.26821889 
  8.000000e-01  5.08588992 9.26821890 
  8.050000e-01  5.08588992 9.26821891 
  8.100000e-01  5.08588992 9.26821892 
  8.150000e-01  5.08588992 9.26821892 
  8.200000e-01  5.08588992 9.26821893 
  8.250000e-01  5.08588992 9.26821894 
  8.300000e-01  5.08588992 9.26821894 
  8.350000e-01  5.08588992 9.26821895 
  8.400000e-01  5.08588992 9.26821895 
  8.450000e-01  5.08588992 9.26821896 
  8.500000e-01  5.08588992 9.26821896 
  8.550000e-01  5.08588992 9.26821896 
  8.600000e-01  5.08588992 9.26821897 
  8.650000e-01  5.08588992 9.26821897 
  8.700000e-01  5.08588992 9.26821897 
  8.750000e-01  5.08588992 9.26821897 
  8.800000e-01  5.08588992 9.26821898 
  8.850000e-01  5.08588992 9.26821898 
  8.900000e-01  5.08588992 9.26821898 
  8.950000e-01  5.08588992 9.26821898 
  9.000000e-01  5.08588992 9.26821898 
  9.050000e-01  5.08588992 9.26821898 
  9.100000e-01  5.08588992 9.26821898 
  9.150000e-01  5.08588992 9.26821898 
  9.200000e-01  5.08588992 9.26821899 
  9.250000e-01  5.08588992 9.26821899 
  9.300000e-01  5.08588992 9.26821899 
  9.350000e-01  5.08588992 9.26821899 
  9.400000e-01  5.08588992 9.26821899 
  9.450000e-01  5.08588992 9.26821899 
  9.500000e-01  5.08588992 9.26821899 
  9.550000e-01  5.08588992 9.26821899 
  9.600000e-01  5.08588992 9.26821899 
  9.650000e-01  5.08588992 9.26821899 
  9.700000e-01  5.08588992 9.26821899 
  9.750000e-01  5.08588992 9.26821899 
  9.800000e-01  5.08588992 9.26821899 
  9.850000e-01  5.08588992 9.26821899 
  9.900000e-01  5.08588992 9.26821899 
  9.950000e-01  5.08588992 9.26821899 
  1.000000e+00  5.08588992 9.26821899 
  1.005000e+00  5.08588992 9.26821898 
  1.010000e+00  5.08588992 9.26821898 
  1.015000e+00  5.08588992 9.26821898 
  1.020000e+00  5.08588992 9.26821898 
  1.025000e+00  5.08588992 9.26821898 
  1.030000e+00  5.08588992 9.26821898 
  1.035000e+00  5.08588992 9.26821898 
  1.040000e+00  5.08588992 9.26821898 
  1.045000e+00  5.08588992 9.26821898 
  1.050000e+00  5.08588992 9.26821898 
  1.055000e+00  5.08588992 9.26821898 
  1.060000e+00  5.08588992 9.26821898 
  1.065000e+00  5.08588992 9.26821898 
  1.070000e+00  5.08588992 9.26821898 
  1.075000e+00  5.08588992 9.26821898 
  1.080000e+00  5.08588992 9.26821898 
  1.085000e+00  5.08588992 9.26821898 
  1.090000e+00  5.08588992 9.26821898 
  1.095000e+00  5.08588992 9.26821898 
  1.100000e+00  5.08588992 9.26821898 
  1.105000e+00  5.08588992 9.26821898 
  1.110000e+00  5.08588992 9.26821898 
  1.115000e+00  5.08588992 9.26821898 
  1.120000e+00  5.08588992 9.26821898 
  1.125000e+00  5.08588992 9.26821898 
  1.130000e+00  5.08588992 9.26821898 
  1.135000e+00  5.08588992 9.26821898 
  1.140000e+00  5.08588992 9.26821897 
  1.145000e+00  5.08588992 9.26821897 
  1.150000e+00  5.08588992 9.26821897 
  1.155000e+00  5.08588992 9.26821897 
  1.160000e+00  5.08588992 9.26821897 
  1.165000e+00  5.08588992 9.26821897 
  1.170000e+00  5.08588992 9.26821897 
  1.175000e+00  5.08588992 9.26821897 
  1.180000e+00  5.08588992 9.26821897 
  1.185000e+00  5.08588992 9.26821897 
  1.190000e+00  5.08588992 9.26821897 
  1.195000e+00  5.08588992 9.26821897 
  1.200000e+00  5.08588992 9.26821897 
  1.205000e+00  5.08588992 9.26821897 
  1.210000e+00  5.08588992 9.26821897 
  1.215000e+00  5.08588992 9.26821897 
  1.220000e+00  5.08588992 9.26821897 
  1.225000e+00  5.08588992 9.26821897 
  1.230000e+00  5.08588992 9.26821897 
  1.235000e+00  5.08588992 9.26821897 
  1.240000e+00  5.08588992 9.26821897 
  1.245000e+00  5.08588992 9.26821897 
  1.250000e+00  5.08588992 9.26821897 
  1.255000e+00  5.08588992 9.26821897 
  1.260000e+00  5.08588992 9.26821897 
  1.265000e+00  5.08588992 9.26821897 
  1.270000e+00  5.08588992 9.26821897 
  1.275000e+00  5.08588992 9.26821897 
  1.280000e+00  5.08588992 9.26821897 
  1.285000e+00  5.08588992 9.26821897 
  1.290000e+00  5.08588992 9.26821897 
  1.295000e+00  5.08588992 9.26821897 
  1.300000e+00  5.08588992 9.26821897 
  1.305000e+00  5.08588992 9.26821897 
  1.310000e+00  5.08588992 9.26821897 
  1.315000e+00  5.08588992 9.26821897 
  1.320000e+00  5.08588992 9.26821897 
  1.325000e+00  5.08588992 9.26821897 
  1.330000e+00  5.08588992 9.26821897 
  1.335000e+00  5.08588992 9.26821897 
  1.340000e+00  5.08588992 9.26821897 
  1.345000e+00  5.08588992 9.26821897 
  1.350000e+00  5.08588992 9.26821897 
  1.355000e+00  5.08588992 9.26821897 
  1.360000e+00  5.08588992 9.26821897 
  1.365000e+00  5.08588992 9.26821897 
  1.370000e+00  5.08588992 9.26821897 
  1.375000e+00  5.08588992 9.26821897 
  1.380000e+00  5.08588992 9.26821897 
  1.385000e+00  5.08588992 9.26821897 
  1.390000e+00  5.08588992 9.26821897 
  1.395000e+00  5.08588992 9.26821897 
  1.400000e+00  5.08588992 9.26821897 
  1.405000e+00  5.08588992 9.26821897 
  1.410000e+00  5.08588992 9.26821897 
  1.415000e+00  5.08588992 9.26821897 
  1.420000e+00  5.08588992 9.26821897 
  1.425000e+00  5.08588992 9.26821897 
  1.430000e+00  5.08588992 9.26821897 
  1.435000e+00  5.08588992 9.26821897 
  1.440000e+00  5.08588992 9.26821897 
  1.445000e+00  5.08588992 9.26821897 
  1.450000e+00  5.08588992 9.26821897 
  1.455000e+00  5.08588992 9.26821897 
  1.460000e+00  5.08588992 9.26821897 
  1.465000e+00  5.08588992 9.26821897 
  1.470000e+00  5.08588992 9.26821897 
  1.475000e+00  5.08588992 9.26821897 
  1.480000e+00  5.08588992 9.26821897 
  1.485000e+00  5.08588992 9.26821897 
  1.490000e+00  5.08588992 9.26821897 
  1.495000e+00  5.08588992 9.26821897 
  1.500000e+00  5.08588992 9.26821897 
  1.505000e+00  5.08588992 9.26821897 
  1.510000e+00  5.08588992 9.26821897 
  1.515000e+00  5.08588992 9.26821897 
  1.520000e+00  5.08588992 9.26821897 
  1.525000e+00  5.08588992 9.26821897 
  1.530000e+00  5.08588992 9.26821897 
  1.535000e+00  5.08588992 9.26821897 
  1.540000e+00  5.08588992 9.26821897 
  1.545000e+00  5.08588992 9.26821897 
  1.550000e+00  5.08588992 9.26821897 
  1.555000e+00  5.08588992 9.26821897 
  1.560000e+00  5.08588992 9.26821897 
  1.565000e+00  5.08588992 9.26821897 
  1.570000e+00  5.08588992 9.26821897 
  1.575000e+00  5.08588992 9.26821897 
  1.580000e+00  5.08588992 9.26821897 
  1.585000e+00  5.08588992 9.26821897 
  1.590000e+00  5.08588992 9.26821897 
  1.595000e+00  5.08588992 9.26821897 
  1.600000e+00  5.08588992 9.26821897 
  1.605000e+00  5.08588992 9.26821897 
  1.610000e+00  5.08588992 9.26821897 
  1.615000e+00  5.08588992 9.26821897 
  1.620000e+00  5.08588992 9.26821897 
  1.625000e+00  5.08588992 9.26821897 
  1.630000e+00  5.08588992 9.26821897 
  1.635000e+00  5.08588992 9.26821897 
  1.640000e+00  5.08588992 9.26821897 
  1.645000e+00  5.08588992 9.26821897 
  1.650000e+00  5.08588992 9.26821897 
  1.655000e+00  5.08588992 9.26821897 
  1.660000e+00  5.08588992 9.26821897 
  1.665000e+00  5.08588992 9.26821897 
  1.670000e+00  5.08588992 9.26821897 
  1.675000e+00  5.08588992 9.26821897 
  1.680000e+00  5.08588992 9.26821897 
  1.685000e+00  5.08588992 9.26821897 
  1.690000e+00  5.08588992 9.26821897 
  1.695000e+00  5.08588992 9.26821897 
  1.700000e+00  5.08588992 9.26821897 
  1.705000e+00  5.08588992 9.26821897 
  1.710000e+00  5.08588992 9.26821897 
  1.715000e+00  5.08588992 9.26821897 
  1.720000e+00  5.08588992 9.26821897 
  1.725000e+00  5.08588992 9.26821897 
  1.730000e+00  5.08588992 9.26821897 
  1.735000e+00  5.08588992 9.26821897 
  1.740000e+00  5.08588992 9.26821897 
  1.745000e+00  5.08588992 9.26821897 
  1.750000e+00  5.08588992 9.26821897 
  1.755000e+00  5.08588992 9.26821897 
  1.760000e+00  5.08588992 9.26821897 
  1.765000e+00  5.08588992 9.26821897 
  1.770000e+00  5.08588992 9.26821897 
  1.775000e+00  5.08588992 9.26821897 
  1.780000e+00  5.08588992 9.26821897 
  1.785000e+00  5.08588992 9.26821897 
  1.790000e+00  5.08588992 9.26821897 
  1.795000e+00  5.08588992 9.26821897 
  1.800000e+00  5.08588992 9.26821897 
  1.805000e+00  5.08588992 9.26821897 
  1.810000e+00  5.08588992 9.26821897 
  1.815000e+00  5.08588992 9.26821897 
  1.820000e+00  5.08588992 9.26821897 
  1.825000e+00  5.08588992 9.26821897 
  1.830000e+00  5.08588992 9.26821897 
  1.835000e+00  5.08588992 9.26821897 
  1.840000e+00  5.08588992 9.26821897 
  1.845000e+00  5.08588992 9.26821897 
  1.850000e+00  5.08588992 9.26821897 
  1.855000e+00  5.08588992 9.26821897 
  1.860000e+00  5.08588992 9.26821897 
  1.865000e+00  5.08588992 9.26821897 
  1.870000e+00  5.08588992 9.26821897 
  1.875000e+00  5.08588992 9.26821897 
  1.880000e+00  5.08588992 9.26821897 
  1.885000e+00  5.08588992 9.26821897 
  1.890000e+00  5.08588992 9.26821897 
  1.895000e+00  5.08588992 9.26821897 
  1.900000e+00  5.08588992 9.26821897 
  1.905000e+00  5.08588992 9.26821897 
  1.910000e+00  5.08588992 9.26821897 
  1.915000e+00  5.08588992 9.26821897 
  1.920000e+00  5.08588992 9.26821897 
  1.925000e+00  5.08588992 9.26821897 
  1.930000e+00  5.08588992 9.26821897 
  1.935000e+00  5.08588992 9.26821897 
  1.940000e+00  5.08588992 9.26821897 
  1.945000e+00  5.08588992 9.26821897 
  1.950000e+00  5.08588992 9.26821897 
  1.955000e+00  5.08588992 9.26821897 
  1.960000e+00  5.08588992 9.26821897 
  1.965000e+00  5.08588992 9.26821897 
  1.970000e+00  5.08588992 9.26821897 
  1.975000e+00  5.08588992 9.26821897 
  1.980000e+00  5.08588992 9.26821897 
  1.985000e+00  5.08588992 9.26821897 
  1.990000e+00  5.08588992 9.26821897 
  1.995000e+00  5.08588992 9.26821897 
  2.000000e+00  5.08588992 9.26821897 
  2.005000e+00  5.08588992 9.26821897 
  2.010000e+00  5.08588992 9.26821897 
  2.015000e+00  5.08588992 9.26821897 
  2.020000e+00  5.08588992 9.26821897 
  2.025000e+00  5.08588992 9.26821897 
  2.030000e+00  5.08588992 9.26821897 
  2.035000e+00  5.08588992 9.26821897 
  2.040000e+00  5.08588992 9.26821897 
  2.045000e+00  5.08588992 9.26821897 
  2.050000e+00  5.08588992 9.26821897 
  2.055000e+00  5.08588992 9.26821897 
  2.060000e+00  5.08588992 9.26821897 
  2.065000e+00  5.08588992 9.26821897 
  2.070000e+00  5.08588992 9.26821897 
  2.075000e+00  5.08588992 9.26821897 
  2.080000e+00  5.08588992 9.26821897 
  2.085000e+00  5.08588992 9.26821897 
  2.090000e+00  5.08588992 9.26821897 
  2.095000e+00  5.08588992 9.26821897 
  2.100000e+00  5.08588992 9.26821897 
  2.105000e+00  5.08588992 9.26821897 
  2.110000e+00  5.08588992 9.26821897 
  2.115000e+00  5.08588992 9.26821897 
  2.120000e+00  5.08588992 9.26821897 
  2.125000e+00  5.08588992 9.26821897 
  2.130000e+00  5.08588992 9.26821897 
  2.135000e+00  5.08588992 9.26821897 
  2.140000e+00  5.08588992 9.26821897 
  2.145000e+00  5.08588992 9.26821897 
  2.150000e+00  5.08588992 9.26821897 
  2.155000e+00  5.08588992 9.26821897 
  2.160000e+00  5.08588992 9.26821897 
  2.165000e+00  5.08588992 9.26821897 
  2.170000e+00  5.08588992 9.26821897 
  2.175000e+00  5.08588992 9.26821897 
  2.180000e+00  5.08588992 9.26821897 
  2.185000e+00  5.08588992 9.26821897 
  2.190000e+00  5.08588992 9.26821897 
  2.195000e+00  5.08588992 9.26821897 
  2.200000e+00  5.08588992 9.26821897 
  2.205000e+00  5.08588992 9.26821897 
  2.210000e+00  5.08588992 9.26821897 
  2.215000e+00  5.08588992 9.26821897 
  2.220000e+00  5.08588992 9.26821897 
  2.225000e+00  5.08588992 9.26821897 
  2.230000e+00  5.08588992 9.26821897 
  2.235000e+00  5.08588992 9.26821897 
  2.240000e+00  5.08588992 9.26821897 
  2.245000e+00  5.08588992 9.26821897 
  2.250000e+00  5.08588992 9.26821897 
  2.255000e+00  5.08588992 9.26821897 
  2.260000e+00  5.08588992 9.26821897 
  2.265000e+00  5.08588992 9.26821897 
  2.270000e+00  5.08588992 9.26821897 
  2.275000e+00  5.08588992 9.26821897 
  2.280000e+00  5.08588992 9.26821897 
  2.285000e+00  5.08588992 9.26821897 
  2.290000e+00  5.08588992 9.26821897 
  2.295000e+00  5.08588992 9.26821897 
  2.300000e+00  5.08588992 9.26821897 
  2.305000e+00  5.08588992 9.26821897 
  2.310000e+00  5.08588992 9.26821897 
  2.315000e+00  5.08588992 9.26821897 
  2.320000e+00  5.08588992 9.26821897 
  2.325000e+00  5.08588992 9.26821897 
  2.330000e+00  5.08588992 9.26821897 
  2.335000e+00  5.08588992 9.26821897 
  2.340000e+00  5.08588992 9.26821897 
  2.345000e+00  5.08588992 9.26821897 
  2.350000e+00  5.08588992 9.26821897 
  2.355000e+00  5.08588992 9.26821897 
  2.360000e+00  5.08588992 9.26821897 
  2.365000e+00  5.08588992 9.26821897 
  2.370000e+00  5.08588992 9.26821897 
  2.375000e+00  5.08588992 9.26821897 
  2.380000e+00  5.08588992 9.26821897 
  2.385000e+00  5.08588992 9.26821897 
  2.390000e+00  5.08588992 9.26821897 
  2.395000e+00  5.08588992 9.26821897 
  2.400000e+00  5.08588992 9.26821897 
  2.405000e+00  5.08588992 9.26821897 
  2.410000e+00  5.08588992 9.26821897 
  2.415000e+00  5.08588992 9.26821897 
  2.420000e+00  5.08588992 9.26821897 
  2.425000e+00  5.08588992 9.26821897 
  2.430000e+00  5.08588992 9.26821897 
  2.435000e+00  5.08588992 9.26821897 
  2.440000e+00  5.08588992 9.26821897 
  2.445000e+00  5.08588992 9.26821897 
  2.450000e+00  5.08588992 9.26821897 
  2.455000e+00  5.08588992 9.26821897 
  2.460000e+00  5.08588992 9.26821897 
  2.465000e+00  5.08588992 9.26821897 
  2.470000e+00  5.08588992 9.26821897 
  2.475000e+00  5.08588992 9.26821897 
  2.480000e+00  5.08588992 9.26821897 
  2.485000e+00  5.08588992 9.26821897 
  2.490000e+00  5.08588992 9.26821897 
  2.495000e+00  5.08588992 9.26821897 
  2.500000e+00  5.08588992 9.26821897 
  2.505000e+00  5.08588992 9.26821897 
  2.510000e+00  5.08588992 9.26821897 
  2.515000e+00  5.08588992 9.26821897 
  2.520000e+00  5.08588992 9.26821897 
  2.525000e+00  5.08588992 9.26821897 
  2.530000e+00  5.08588992 9.26821897 
  2.535000e+00  5.08588992 9.26821897 
  2.540000e+00  5.08588992 9.26821897 
  2.545000e+00  5.08588992 9.26821897 
  2.550000e+00  5.08588992 9.26821897 
  2.555000e+00  5.08588992 9.26821897 
  2.560000e+00  5.08588992 9.26821897 
  2.565000e+00  5.08588992 9.26821897 
  2.570000e+00  5.08588992 9.26821897 
  2.575000e+00  5.08588992 9.26821897 
  2.580000e+00  5.08588992 9.26821897 
  2.585000e+00  5.08588992 9.26821897 
  2.590000e+00  5.08588992 9.26821897 
  2.595000e+00  5.08588992 9.26821897 
  2.600000e+00  5.08588992 9.26821897 
  2.605000e+00  5.08588992 9.26821897 
  2.610000e+00  5.08588992 9.26821897 
  2.615000e+00  5.08588992 9.26821897 
  2.620000e+00  5.08588992 9.26821897 
  2.625000e+00  5.08588992 9.26821897 
  2.630000e+00  5.08588992 9.26821897 
  2.635000e+00  5.08588992 9.26821897 
  2.640000e+00  5.08588992 9.26821897 
  2.645000e+00  5.08588992 9.26821897 
  2.650000e+00  5.08588992 9.26821897 
  2.655000e+00  5.08588992 9.26821897 
  2.660000e+00  5.08588992 9.26821897 
  2.665000e+00  5.08588992 9.26821897 
  2.670000e+00  5.08588992 9.26821897 
  2.675000e+00  5.08588992 9.26821897 
  2.680000e+00  5.08588992 9.26821897 
  2.685000e+00  5.08588992 9.26821897 
  2.690000e+00  5.08588992 9.26821897 
  2.695000e+00  5.08588992 9.26821897 
  2.700000e+00  5.08588992 9.26821897 
  2.705000e+00  5.08588992 9.26821897 
  2.710000e+00  5.08588992 9.26821897 
  2.715000e+00  5.08588992 9.26821897 
  2.720000e+00  5.08588992 9.26821897 
  2.725000e+00  5.08588992 9.26821897 
  2.730000e+00  5.08588992 9.26821897 
  2.735000e+00  5.08588992 9.26821897 
  2.740000e+00  5.08588992 9.26821897 
  2.745000e+00  5.08588992 9.26821897 
  2.750000e+00  5.08588992 9.26821897 
  2.755000e+00  5.08588992 9.26821897 
  2.760000e+00  5.08588992 9.26821897 
  2.765000e+00  5.08588992 9.26821897 
  2.770000e+00  5.08588992 9.26821897 
  2.775000e+00  5.08588992 9.26821897 
  2.780000e+00  5.08588992 9.26821897 
  2.785000e+00  5.08588992 9.26821897 
  2.790000e+00  5.08588992 9.26821897 
  2.795000e+00  5.08588992 9.26821897 
  2.800000e+00  5.08588992 9.26821897 
  2.805000e+00  5.08588992 9.26821897 
  2.810000e+00  5.08588992 9.26821897 
  2.815000e+00  5.08588992 9.26821897 
  2.820000e+00  5.08588992 9.26821897 
  2.825000e+00  5.08588992 9.26821897 
  2.830000e+00  5.08588992 9.26821897 
  2.835000e+00  5.08588992 9.26821897 
  2.840000e+00  5.08588992 9.26821897 
  2.845000e+00  5.08588992 9.26821897 
  2.850000e+00  5.08588992 9.26821897 
  2.855000e+00  5.08588992 9.26821897 
  2.860000e+00  5.08588992 9.26821897 
  2.865000e+00  5.08588992 9.26821897 
  2.870000e+00  5.08588992 9.26821897 
  2.875000e+00  5.08588992 9.26821897 
  2.880000e+00  5.08588992 9.26821897 
  2.885000e+00  5.08588992 9.26821897 
  2.890000e+00  5.08588992 9.26821897 
  2.895000e+00  5.08588992 9.26821897 
  2.900000e+00  5.08588992 9.26821897 
  2.905000e+00  5.08588992 9.26821897 
  2.910000e+00  5.08588992 9.26821897 
  2.915000e+00  5.08588992 9.26821897 
  2.920000e+00  5.08588992 9.26821897 
  2.925000e+00  5.08588992 9.26821897 
  2.930000e+00  5.08588992 9.26821897 
  2.935000e+00  5.08588992 9.26821897 
  2.940000e+00  5.08588992 9.26821897 
  2.945000e+00  5.08588992 9.26821897 
  2.950000e+00  5.08588992 9.26821897 
  2.955000e+00  5.08588992 9.26821897 
  2.960000e+00  5.08588992 9.26821897 
  2.965000e+00  5.08588992 9.26821897 
  2.970000e+00  5.08588992 9.26821897 
  2.975000e+00  5.08588992 9.26821897 
  2.980000e+00  5.08588992 9.26821897 
  2.985000e+00  5.08588992 9.26821897 
  2.990000e+00  5.08588992 9.26821897 
  2.995000e+00  5.08588992 9.26821897 
  3.000000e+00  5.08588992 9.26821897 
  3.005000e+00  5.08588992 9.26821897 
  3.010000e+00  5.08588992 9.26821897 
  3.015000e+00  5.08588992 9.26821897 
  3.020000e+00  5.08588992 9.26821897 
  3.025000e+00  5.08588992 9.26821897 
  3.030000e+00  5.08588992 9.26821897 
  3.035000e+00  5.08588992 9.26821897 
  3.040000e+00  5.08588992 9.26821897 
  3.045000e+00  5.08588992 9.26821897 
  3.050000e+00  5.08588992 9.26821897 
  3.055000e+00  5.08588992 9.26821897 
  3.060000e+00  5.08588992 9.26821897 
  3.065000e+00  5.08588992 9.26821897 
  3.070000e+00  5.08588992 9.26821897 
  3.075000e+00  5.08588992 9.26821897 
  3.080000e+00  5.08588992 9.26821897 
  3.085000e+00  5.08588992 9.26821897 
  3.090000e+00  5.08588992 9.26821897 
  3.095000e+00  5.08588992 9.26821897 
  3.100000e+00  5.08588992 9.26821897 
  3.105000e+00  5.08588992 9.26821897 
  3.110000e+00  5.08588992 9.26821897 
  3.115000e+00  5.08588992 9.26821897 
  3.120000e+00  5.08588992 9.26821897 
  3.125000e+00  5.08588992 9.26821897 
  3.130000e+00  5.08588992 9.26821897 
  3.135000e+00  5.08588992 9.26821897 
  3.140000e+00  5.08588992 9.26821897 
  3.145000e+00  5.08588992 9.26821897 
  3.150000e+00  5.08588992 9.26821897 
  3.155000e+00  5.08588992 9.26821897 
  3.160000e+00  5.08588992 9.26821897 
  3.165000e+00  5.08588992 9.26821897 
  3.170000e+00  5.08588992 9.26821897 
  3.175000e+00  5.08588992 9.26821897 
  3.180000e+00  5.08588992 9.26821897 
  3.185000e+00  5.08588992 9.26821897 
  3.190000e+00  5.08588992 9.26821897 
  3.195000e+00  5.08588992 9.26821897 
  3.200000e+00  5.08588992 9.26821897 
  3.205000e+00  5.08588992 9.26821897 
  3.210000e+00  5.08588992 9.26821897 
  3.215000e+00  5.08588992 9.26821897 
  3.220000e+00  5.08588992 9.26821897 
  3.225000e+00  5.08588992 9.26821897 
  3.230000e+00  5.08588992 9.26821897 
  3.235000e+00  5.08588992 9.26821897 
  3.240000e+00  5.08588992 9.26821897 
  3.245000e+00  5.08588992 9.26821897 
  3.250000e+00  5.08588992 9.26821897 
  3.255000e+00  5.08588992 9.26821897 
  3.260000e+00  5.08588992 9.26821897 
  3.265000e+00  5.08588992 9.26821897 
  3.270000e+00  5.08588992 9.26821897 
  3.275000e+00  5.08588992 9.26821897 
  3.280000e+00  5.08588992 9.26821897 
  3.285000e+00  5.08588992 9.26821897 
  3.290000e+00  5.08588992 9.26821897 
  3.295000e+00  5.08588992 9.26821897 
  3.300000e+00  5.08588992 9.26821897 
  3.305000e+00  5.08588992 9.26821897 
  3.310000e+00  5.08588992 9.26821897 
  3.315000e+00  5.08588992 9.26821897 
  3.320000e+00  5.08588992 9.26821897 
  3.325000e+00  5.08588992 9.26821897 
  3.330000e+00  5.08588992 9.26821897 
  3.335000e+00  5.08588992 9.26821897 
  3.340000e+00  5.08588992 9.26821897 
  3.345000e+00  5.08588992 9.26821897 
  3.350000e+00  5.08588992 9.26821897 
  3.355000e+00  5.08588992 9.26821897 
  3.360000e+00  5.08588992 9.26821897 
  3.365000e+00  5.08588992 9.26821897 
  3.370000e+00  5.08588992 9.26821897 
  3.375000e+00  5.08588992 9.26821897 
  3.380000e+00  5.08588992 9.26821897 
  3.385000e+00  5.08588992 9.26821897 
  3.390000e+00  5.08588992 9.26821897 
  3.395000e+00  5.08588992 9.26821897 
  3.400000e+00  5.08588992 9.26821897 
  3.405000e+00  5.08588992 9.26821897 
  3.410000e+00  5.08588992 9.26821897 
  3.415000e+00  5.08588992 9.26821897 
  3.420000e+00  5.08588992 9.26821897 
  3.425000e+00  5.08588992 9.26821897 
  3.430000e+00  5.08588992 9.26821897 
  3.435000e+00  5.08588992 9.26821897 
  3.440000e+00  5.08588992 9.26821897 
  3.445000e+00  5.08588992 9.26821897 
  3.450000e+00  5.08588992 9.26821897 
  3.455000e+00  5.08588992 9.26821897 
  3.460000e+00  5.08588992 9.26821897 
  3.465000e+00  5.08588992 9.26821897 
  3.470000e+00  5.08588992 9.26821897 
  3.475000e+00  5.08588992 9.26821897 
  3.480000e+00  5.08588992 9.26821897 
  3.485000e+00  5.08588992 9.26821897 
  3.490000e+00  5.08588992 9.26821897 
  3.495000e+00  5.08588992 9.26821897 
  3.500000e+00  5.08588992 9.26821897 
  3.505000e+00  5.08588992 9.26821897 
  3.510000e+00  5.08588992 9.26821897 
  3.515000e+00  5.08588992 9.26821897 
  3.520000e+00  5.08588992 9.26821897 
  3.525000e+00  5.08588992 9.26821897 
  3.530000e+00  5.08588992 9.26821897 
  3.535000e+00  5.08588992 9.26821897 
  3.540000e+00  5.08588992 9.26821897 
  3.545000e+00  5.08588992 9.26821897 
  3.550000e+00  5.08588992 9.26821897 
  3.555000e+00  5.08588992 9.26821897 
  3.560000e+00  5.08588992 9.26821897 
  3.565000e+00  5.08588992 9.26821897 
  3.570000e+00  5.08588992 9.26821897 
  3.575000e+00  5.08588992 9.26821897 
  3.580000e+00  5.08588992 9.26821897 
  3.585000e+00  5.08588992 9.26821897 
  3.590000e+00  5.08588992 9.26821897 
  3.595000e+00  5.08588992 9.26821897 
  3.600000e+00  5.08588992 9.26821897 
  3.605000e+00  5.08588992 9.26821897 
  3.610000e+00  5.08588992 9.26821897 
  3.615000e+00  5.08588992 9.26821897 
  3.620000e+00  5.08588992 9.26821897 
  3.625000e+00  5.08588992 9.26821897 
  3.630000e+00  5.08588992 9.26821897 
  3.635000e+00  5.08588992 9.26821897 
  3.640000e+00  5.08588992 9.26821897 
  3.645000e+00  5.08588992 9.26821897 
  3.650000e+00  5.08588992 9.26821897 
  3.655000e+00  5.08588992 9.26821897 
  3.660000e+00  5.08588992 9.26821897 
  3.665000e+00  5.08588992 9.26821897 
  3.670000e+00  5.08588992 9.26821897 
  3.675000e+00  5.08588992 9.26821897 
  3.680000e+00  5.08588992 9.26821897 
  3.685000e+00  5.08588992 9.26821897 
  3.690000e+00  5.08588992 9.26821897 
  3.695000e+00  5.08588992 9.26821897 
  3.700000e+00  5.08588992 9.26821897 
  3.705000e+00  5.08588992 9.26821897 
  3.710000e+00  5.08588992 9.26821897 
  3.715000e+00  5.08588992 9.26821897 
  3.720000e+00  5.08588992 9.26821897 
  3.725000e+00  5.08588992 9.26821897 
  3.730000e+00  5.08588992 9.26821897 
  3.735000e+00  5.08588992 9.26821897 
  3.740000e+00  5.08588992 9.26821897 
  3.745000e+00  5.08588992 9.26821897 
  3.750000e+00  5.08588992 9.26821897 
  3.755000e+00  5.08588992 9.26821897 
  3.760000e+00  5.08588992 9.26821897 
  3.765000e+00  5.08588992 9.26821897 
  3.770000e+00  5.08588992 9.26821897 
  3.775000e+00  5.08588992 9.26821897 
  3.780000e+00  5.08588992 9.26821897 
  3.785000e+00  5.08588992 9.26821897 
  3.790000e+00  5.08588992 9.26821897 
  3.795000e+00  5.08588992 9.26821897 
  3.800000e+00  5.08588992 9.26821897 
  3.805000e+00  5.08588992 9.26821897 
  3.810000e+00  5.08588992 9.26821897 
  3.815000e+00  5.08588992 9.26821897 
  3.820000e+00  5.08588992 9.26821897 
  3.825000e+00  5.08588992 9.26821897 
  3.830000e+00  5.08588992 9.26821897 
  3.835000e+00  5.08588992 9.26821897 
  3.840000e+00  5.08588992 9.26821897 
  3.845000e+00  5.08588992 9.26821897 
  3.850000e+00  5.08588992 9.26821897 
  3.855000e+00  5.08588992 9.26821897 
  3.860000e+00  5.08588992 9.26821897 
  3.865000e+00  5.08588992 9.26821897 
  3.870000e+00  5.08588992 9.26821897 
  3.875000e+00  5.08588992 9.26821897 
  3.880000e+00  5.08588992 9.26821897 
  3.885000e+00  5.08588992 9.26821897 
  3.890000e+00  5.08588992 9.26821897 
  3.895000e+00  5.08588992 9.26821897 
  3.900000e+00  5.08588992 9.26821897 
  3.905000e+00  5.08588992 9.26821897 
  3.910000e+00  5.08588992 9.26821897 
  3.915000e+00  5.08588992 9.26821897 
  3.920000e+00  5.08588992 9.26821897 
  3.925000e+00  5.08588992 9.26821897 
  3.930000e+00  5.08588992 9.26821897 
  3.935000e+00  5.08588992 9.26821897 
  3.940000e+00  5.08588992 9.26821897 
  3.945000e+00  5.08588992 9.26821897 
  3.950000e+00  5.08588992 9.26821897 
  3.955000e+00  5.08588992 9.26821897 
  3.960000e+00  5.08588992 9.26821897 
  3.965000e+00  5.08588992 9.26821897 
  3.970000e+00  5.08588992 9.26821897 
  3.975000e+00  5.08588992 9.26821897 
  3.980000e+00  5.08588992 9.26821897 
  3.985000e+00  5.08588992 9.26821897 
  3.990000e+00  5.08588992 9.26821897 
  3.995000e+00  5.08588992 9.26821897 
  4.000000e+00  5.08588992 9.26821897 
